"y.subset" "defects.subset" "poor.subset" "race.subset" "floor.subset" "dist.subset" "bldg.subset"
"1" 1 5 5 3 5 1 1
"2" 1 5 4 3 6 1 2
"3" 1 3 6 2 5 1 2
"4" 1 1.16363636363636 5 4 6 1 3
"5" 1 5.06837606837607 6 2 4 1 4
"6" 0 0 5 3 3 1 5
"7" 0 0 5 2 8 1 6
"8" 1 5 7 4 8 1 6
"9" 0 0 8 3 7 1 7
"10" 0 0 4 4 7 1 8
"11" 1 4 5 3 7 1 8
"12" 1 0 5 2 7 1 8
"13" 1 1 6 4 3 1 9
"14" 1 1 5 4 4 1 9
"15" 0 1 6 2 8 1 10
"16" 0 0 4 3 8 1 10
"17" 0 5 6 3 8 1 10
"18" 0 0 6 4 8 1 10
"19" 1 1 5 3 6 1 11
"20" 0 1 6 3 6 1 11
"21" 0 1 5 3 6 1 11
"22" 0 2 4 3 6 1 11
"23" 1 4.31081081081081 6 3 6 1 12
"24" 1 5 6 3 4 1 158
"25" 1 0 5 3 3 2 13
"26" 1 3 5 3 4 2 13
"27" NA 2.66307917995035 1.40969162995595 1 2 2 14
"28" 0 0 4 5 6 2 15
"29" 0 1 5 3 6 2 15
"30" 1 0 1 2 5 2 15
"31" 1 0 4.40969162995595 4 2 2 16
"32" 1 5 7 1 2 2 17
"33" 0 2 5 2 2 2 17
"34" 1 3 5 3 3 2 17
"35" 0 0 4 3 3 2 18
"36" 0 0 4 2 4 2 19
"37" 1 3 6 4 3 2 20
"38" 0 3 5 1 3 2 20
"39" 1 3 4 2 3 2 20
"40" 1 4 5 1 3 2 20
"41" 1 0 4 3 4 2 21
"42" 0 2 7 3 4 2 22
"43" 1 5 5 3 4 2 22
"44" 1 2 7 3 5 2 22
"45" 0 1 6 3 5 2 22
"46" 1 2 5 4 6 2 23
"47" 0 4 5 1 2 2 160
"48" 0 2 5 1 3 2 160
"49" 0 0 2.34883720930233 3 2 3 24
"50" 0 0 6 3 4 3 25
"51" 1 0 5 3 4 3 25
"52" 0 1 7 3 5 3 25
"53" 1 6 6 2 2 3 26
"54" 0 5 3 2 3 3 26
"55" 1 3 3 2 3 3 26
"56" 1 5.66666666666667 4 2 3 3 26
"57" 0 3 6 2 4 3 27
"58" 0 5 6 2 5 3 28
"59" 0 3 6 2 5 3 28
"60" NA 1.94829224517960 4.34883720930233 2 6 3 29
"61" 0 0 5 2 2 3 30
"62" 0 3 3 2 3 3 30
"63" 1 7 3 4 5 3 31
"64" 1 6 6 4 2 3 32
"65" 1 1 5 2 4 3 33
"66" 1 1 4 4 5 3 34
"67" 1 1 3 4 5 3 35
"68" NA 1.94829224517960 6.34883720930233 2 8 3 36
"69" 1 1 4 4 3 3 37
"70" 0 0 3 2 6 3 159
"71" 1 2 5 5 3 4 38
"72" 0 1 3 2 6 4 39
"73" 1 1 5 4 6 4 39
"74" 1 4 3 2 4 4 40
"75" 0 1 5 4 5 4 40
"76" NA 3.88137387444838 5.34210526315789 4 6 4 41
"77" 0 1.10648148148148 4 4 4 4 42
"78" 1 9 7 2 4 4 43
"79" 1 3 3 4 1 4 44
"80" 1 1 4 4 1 4 44
"81" 0 5 3 4 2 4 44
"82" 0 3 3 2 2 4 44
"83" 0 1 4 4 2 4 45
"84" 0 1 5 2 1 4 45
"85" 1 1 6 3 3 4 46
"86" 0 2 6 3 4 4 47
"87" NA 1.66666666666667 3 2 3.33333333333333 4 48
"88" 1 3 3 3 6 4 48
"89" 1 1 5 2 2 4 48
"90" 0 1 4 2 2 4 48
"91" 0 1 3 2 2 4 49
"92" 0 0 4 4 3 4 49
"93" 0 1 3 3 2 4 50
"94" 0 1 5 2 2 4 50
"95" 1 1 2 2 7 4 51
"96" 1 1 3 2 7 4 51
"97" 1 5 3 2 7 4 51
"98" 1 2.09569377990431 4 4 4 4 52
"99" 0 0.0956937799043062 5 5 1 4 53
"100" 0 0.0956937799043062 5 2 1 4 53
"101" 1 3 4 6 2 4 54
"102" 1 1 2 6 2 4 54
"103" 0 0 3 4 3 5 55
"104" 1 0 4 4 3 5 56
"105" NA 1.43581393380988 1.28729281767956 2 7 5 57
"106" NA 1.43581393380988 1.28729281767956 2 7 5 57
"107" NA 1.57060071565549 4.28729281767956 2 2 5 58
"108" 0 0 4 3 3 5 59
"109" 1 1 6 2 6 5 60
"110" NA 1.43581393380988 5.28729281767956 3 2 5 61
"111" 1 7 4 2 3 5 62
"112" NA 2.34 4 3 5 5 63
"113" NA 1.44938859444337 3.28729281767956 4 3 5 64
"114" 1 3 5 4 4 5 65
"115" 1 5 5 2 4 5 65
"116" 1 3 5 2 5 5 65
"117" NA 3.66666666666667 5 2 3 5 65
"118" 1 1.10256410256410 3 5 5 5 66
"119" 1 5 4 3 5 5 67
"120" 1 0 1.28729281767956 4 2 5 68
"121" NA 2 3.66666666666667 2 3 5 69
"122" 1 1 5 3 6 5 69
"123" 0 2 6 4 1 5 69
"124" 1 3 7 3 2 5 69
"125" 0 0 4 4 7 5 70
"126" NA 1.43581393380988 4.28729281767956 3 4 5 71
"127" 1 1 5 2 3 5 72
"128" 1 0 3 3 6 5 73
"129" 1 2 3 3 6 5 73
"130" 1 1 6 4 6 5 73
"131" 0 0 5 3 6 5 73
"132" 0 0 6 3 3 5 74
"133" 1 4 4 4 3 5 74
"134" NA 1.33333333333333 4.33333333333333 3 3 5 74
"135" 0 0 3 3 3 5 74
"136" 1 4 6 2 3 5 75
"137" 0 0 1 5 2 6 76
"138" 0 0 2 5 3 6 76
"139" 0 0 3 5 2 6 76
"140" 0 0 1 5 3 6 76
"141" 0 0 1.12698412698413 1 5 6 77
"142" 1 2 3 1 5 6 78
"143" 1 2 3 1 5 6 78
"144" 1 2 3 1 5 6 78
"145" 0 0.0169491525423729 2 1 2 6 79
"146" 0 0 1 1 3 6 80
"147" 1 0 4 1 2 6 80
"148" 0 0 3.12698412698413 1 4 6 81
"149" 1 1 1.12698412698413 1 4 6 81
"150" 0 0 1.12698412698413 1 4 6 81
"151" 0 0 1.12698412698413 1 4 6 81
"152" 0 0 4 1 4 6 82
"153" 1 0 1 1 4 6 82
"154" 0 2 3 4 6 6 83
"155" 0 1 5 3 6 6 83
"156" 1 3 3 5 6 6 83
"157" 1 6 3 1 6 6 83
"158" NA 1.05884514110959 1.12698412698413 1 7 6 84
"159" 0 0 4 1 2 6 85
"160" 0 0 3 1 2 6 85
"161" 0 4 3 1 2 6 85
"162" 0 0 3 4 3 6 85
"163" 1 1 5 2 6 6 86
"164" 1 5 2 5 2 6 87
"165" 1 0 4 4 4 6 88
"166" 0 0.369565217391304 1.17592592592593 2 2 7 89
"167" 1 2 3 4 2 7 90
"168" 0 0 5 4 3 7 91
"169" 0 0 4 3 2 7 92
"170" 0 1 2 3 4 7 92
"171" NA 1.14124033602981 1.17592592592593 2 2 7 93
"172" 0 1 4 2 2 7 94
"173" 0 3 3 1 3 7 95
"174" NA 4 2 2 3 7 95
"175" NA 4 3 2 3 7 95
"176" 0 5 3 2 4 7 95
"177" 1 1 4 2 3 7 96
"178" 0 0 2 3 2 7 97
"179" NA 0 2 4 3 7 97
"180" 0 0 4 2 2 7 98
"181" 0 1 5 3 3 7 99
"182" 0 0 3 3 2 7 100
"183" 1 1 3 1 5 7 101
"184" 0 1 4 4 5 7 101
"185" NA 1.14124033602981 3.17592592592593 1 6 7 102
"186" NA 1.14124033602981 3.17592592592593 1 6 7 102
"187" NA 1.14124033602981 3.17592592592593 4 6 7 102
"188" 0 5 2 2 4 7 103
"189" 0 4 3 2 4 7 103
"190" 1 3 3 3 2 7 104
"191" 1 5 3 6 2 7 104
"192" 1 2 3 2 2 7 104
"193" 0 3 3 4 3 7 104
"194" 0 2 5 4 4 7 105
"195" 1 3 5 4 3 7 106
"196" 0 0 5 4 3 7 106
"197" 0 5 5 4 3 7 106
"198" 0 1 5 4 3 7 107
"199" 0 0 3 4 8 7 108
"200" 1 1 6 3 2 7 109
"201" 0 5 4 3 4 7 110
"202" NA 0.5 1 1 3 8 111
"203" 0 1 2 1 3 8 111
"204" 0 0 3 1 2 8 111
"205" NA 0.386464529810291 1.21428571428571 1 2 8 112
"206" 0 1 2.21428571428571 1 2 8 113
"207" 0 0 3.21428571428571 1 2 8 114
"208" 0 0 2.21428571428571 1 2 8 114
"209" 0 1.00458715596330 2.21428571428571 2 2 8 115
"210" NA 0.381877373846989 1.21428571428571 1 1 8 116
"211" 0 0 3 1 3 8 117
"212" NA 0.666666666666667 1.21428571428571 2 9 8 118
"213" 0 2 1.21428571428571 3 9 8 118
"214" 0 0 1.21428571428571 3 9 8 118
"215" 0 0 1.21428571428571 2 9 8 118
"216" NA 0.333333333333333 1.21428571428571 2 8 8 119
"217" 0 1 1.21428571428571 2 8 8 119
"218" 0 0 1.21428571428571 2 7 8 119
"219" 0 0 1.21428571428571 2 7 8 119
"220" 0 0 1.21428571428571 3 9 8 120
"221" 0 0 1.21428571428571 2 9 8 120
"222" NA 0.381877373846989 1.21428571428571 2 2 8 121
"223" NA 0.381877373846989 3.21428571428571 2 3 8 121
"224" NA 0.381877373846989 1.21428571428571 2 2 8 121
"225" 0 1 1.21428571428571 4 8 8 122
"226" NA 1 1.21428571428571 2 8 8 122
"227" 0 2 1.21428571428571 1 8 8 122
"228" 0 0 1.21428571428571 2 8 8 122
"229" 0 0 3.21428571428571 1 2 8 123
"230" 0 0 2.21428571428571 1 3 8 123
"231" 0 1 1.21428571428571 1 3 8 124
"232" 0 0 2.21428571428571 1 3 8 124
"233" NA 0.95439507422961 1.13846153846154 1 2 9 125
"234" NA 0.95439507422961 2.13846153846154 1 3 9 126
"235" 0 4.01449275362319 4 3 3.74407582938389 9 127
"236" 0 0 1.13846153846154 1 3 9 128
"237" 0 0 1.13846153846154 1 2 9 128
"238" 0 7 4 5 3 9 129
"239" 1 1 5 4 4 9 130
"240" 0 0 3 1 6 9 131
"241" NA 0 3 3 3 9 132
"242" 0 0 2 3 3 9 132
"243" 0 0 4 1 3 9 132
"244" NA 0 1 3 3 9 132
"245" 0 2 6 4 4 9 133
"246" 0 1 6 3 4 9 133
"247" 1 3 4 4 5 9 134
"248" 1 3 4 4 7 9 134
"249" 0 0 2 1 7 9 135
"250" 0 0 2.21705426356589 2 3 10 136
"251" 1 5 2.21705426356589 2 2 10 137
"252" 1 6 3 2 3.01659751037344 10 138
"253" 0 0 1.21705426356589 2 3 10 139
"254" NA 1.12524881069684 2.21705426356589 2 3.01659751037344 10 140
"255" 1 3 2 2 3 10 141
"256" 0 3 3 2 3 10 142
"257" 0 6 3 2 2 10 142
"258" 0 0 1.21705426356589 4 2 10 143
"259" 0 1 3 2 5 10 144
"260" 0 3 6 1 5 10 144
"261" 0 4 3 2 5 10 144
"262" NA 2.66666666666667 3 2 5 10 144
"263" 0 1 1.21705426356589 2 3 10 145
"264" 0 3 1 2 2 10 146
"265" 0 0 3 3 3 10 146
"266" 0 0 2 2 2 10 146
"267" 0 0 2 2 2 10 146
"268" 0 1.04504504504505 2 2 3 10 147
"269" NA 1.25779385574189 2.21705426356589 2 2 10 148
"270" NA 1.25779385574189 1.21705426356589 2 3 10 148
"271" 0 0.045045045045045 2.21705426356589 2 2 10 149
"272" 0 1 2 2 4 10 150
"273" 0 1 4 2 2 10 150
"274" 0 0 4 2 3 10 150
"275" 0 0 1.21705426356589 3 2 10 151
"276" NA 1.17029385574189 2.21705426356589 4 1 10 152
"277" NA 8 6 2 5 10 153
"278" 1 8 6 2 1 10 153
"279" 0 1 2 1 2 10 154
"280" 0 0 2 1 3 10 154
"281" 0 0 3 1 2 10 154
"282" 1 5 3 2 2 10 155
"283" 0 4 4 3 3 10 155
"284" 1 2.04504504504505 3 4 4 10 156
"285" NA 1 2 2 2 10 157
"286" 0 1 2 2 3 10 157
"287" NA 0 1.1875 1 3 11 161
"288" 0 0 2.1875 1 4 11 161
"289" 0 0 2.1875 1 2 11 162
"290" 0 0 2.1875 1 2 11 162
"291" 0 0 2.1875 1 3 11 162
"292" 0 0 3 1 2 11 163
"293" 0 0 1 1 3 11 163
"294" NA 0 2 1 3 11 163
"295" NA 0.313510899752318 3.1875 5 1 11 164
"296" 0 0 2 1 4 11 165
"297" 0 0 3 1 2 11 166
"298" 0 0 4 1 3 11 167
"299" 0 0 3 1 4 11 167
"300" NA 0 3 1 4 11 167
"301" 0 0 4 1 2 11 167
"302" 1 4 3 4 4 11 168
"303" 0 1 3 1 2 11 169
"304" 0 1 2 4 2 11 170
"305" 0 0 4 3 3 11 170
"306" 1 3 6 4 4 11 170
"307" 0 0 6 3 4 11 171
"308" 0 0 6 4 4 11 171
"309" 0 0 3 4 4 11 171
"310" 0 0 3 1 2 11 172
"311" 0 0 3 1 3 11 172
"312" 0 0 1 1 3 11 172
"313" 1 1.02702702702703 4.1875 1 3 11 173
"314" NA 0.313510899752318 2.1875 1 2 11 174
"315" 0 1 6 3 6 11 175
"316" 0 1 6 3 6 11 175
"317" NA 0 4 2 5 11 176
"318" 0 0 4 4 6 11 176
"319" 1 0 4 3 2 11 177
"320" NA 0 3 1 2 11 177
"321" 0 0 4 3 4 11 177
"322" 0 0 4 3 2 11 178
"323" 0 0.0610687022900763 3 3 4 11 446
"324" 0 0 4 2 4 11 449
"325" 0 0 1.10791366906475 3 8 12 179
"326" 1 0 1.10791366906475 2 8 12 179
"327" NA 0 3.10791366906475 1 8 12 179
"328" 0 1 3 2 4 12 180
"329" 0 1 3 3 4 12 181
"330" 0 1 1.10791366906475 2 5 12 182
"331" 0 2 2.10791366906475 1 4 12 183
"332" NA 1.05277702675405 3.10791366906475 2 4 12 184
"333" NA 1.13120839930307 1.10791366906475 2 6 12 185
"334" NA 1.05277702675405 3.10791366906475 4 3 12 186
"335" NA 1.05277702675405 2.10791366906475 2 2 12 187
"336" 0 2 3 1 4 12 188
"337" 0 1 5 2 4 12 189
"338" 0 0 4 1 4 12 189
"339" 0 0 4 2 4 12 189
"340" 0 0 1.10791366906475 1 3 12 190
"341" NA 1.05277702675405 2.10791366906475 1 5 12 191
"342" 0 1 2.10791366906475 2 2 12 192
"343" NA 1.05277702675405 2.10791366906475 2 2 12 193
"344" 0 1 5 3 3 12 194
"345" 1 3 6 4 3 12 194
"346" 0 2 4 2 6 12 195
"347" 0 1 5 2 2 12 196
"348" 1 7 4 4 2 12 447
"349" 0 2 4 2 3 13 197
"350" 0 0.0406091370558376 1.24550898203593 2 3.55982905982906 13 198
"351" 0 0 3 2 3 13 199
"352" 1 4.28359979126144 1.24550898203593 1 2 13 200
"353" 0 0 1.24550898203593 2 2 13 201
"354" NA 1.14652530524864 4.24550898203593 2 4 13 202
"355" NA 1.14652530524864 3.24550898203593 2 2 13 203
"356" 0 0 1.24550898203593 2 2 13 204
"357" 1 0 3 2 2 13 205
"358" 0 1 3 2 2 13 205
"359" NA 1.1059161681928 2.24550898203593 2 2 13 206
"360" 1 1 2 2 4 13 207
"361" 1 0 1 2 4 13 207
"362" 0 1.08695652173913 3.24550898203593 2 2 13 208
"363" 0 1 3 2 4 13 209
"364" 0 1 3.24550898203593 2 2 13 210
"365" 1 0 3.24550898203593 3 2 13 211
"366" 0 5 3 2 4 13 212
"367" 0 0 3 1 2 13 213
"368" 0 0.0406091370558376 6 2 3 13 214
"369" 1 2.04060913705584 5 4 2 13 215
"370" 0 4 7 6 8 13 216
"371" 0 1 8 3 8 13 216
"372" 0 2 7 2 8 13 216
"373" 0 0 7 2 8 13 216
"374" 1 0 5 4 2 14 217
"375" 1 0 3 4 3 14 217
"376" 1 1 4 3 3 14 218
"377" 1 1 5 4 2 14 219
"378" NA 1 4 4 3 14 219
"379" NA 1.46600753993820 2.23456790123457 3 2 14 220
"380" NA 1.46600753993820 2.23456790123457 1 2 14 221
"381" 0 0 1.23456790123457 2 2 14 222
"382" 1 0.144444444444444 2.23456790123457 2 2 14 223
"383" 1 1.12849162011173 3 4 3 14 224
"384" 0 1 2.23456790123457 2 2 14 225
"385" 1 5 5 2 3 14 226
"386" 0 0 3 2 2 14 227
"387" 1 4 3 4 3 14 227
"388" 0 0 2.23456790123457 5 2 14 228
"389" 1 2 3 4 3 14 229
"390" 0 1 4 4 4 14 230
"391" 0 0 4 2 2 14 230
"392" 0 0 4 3 2 14 230
"393" 0 2 6 4 3 14 230
"394" 1 1 2.23456790123457 3 2 14 231
"395" 0 0 4 3 6 14 232
"396" 0 0 5 5 6 14 232
"397" 0 0 4 4 6 14 232
"398" 0 3 4 3 6 14 232
"399" 1 0 5 3 3 14 233
"400" 0 2 2 3 3 14 233
"401" 1 0 4 4 4 14 233
"402" 0 1.14444444444444 3 4 4 14 234
"403" 0 0 1.11602209944751 3 2 15 235
"404" 1 4.01041666666667 3 2 3 15 236
"405" 1 0 1 2 2 15 237
"406" 0 0 3 2 3 15 237
"407" 1 6.01041666666667 4 2 2 15 238
"408" 1 1.01041666666667 3 3 3 15 239
"409" 0 0.0104166666666667 3 3 3 15 240
"410" 1 5.01041666666667 6 4 4 15 241
"411" 0 0 2 2 1 15 242
"412" 1 0.0104166666666667 3.11602209944751 2 2 15 243
"413" 1 8 4 2 2 15 244
"414" 0 3 2 3 7 15 245
"415" 1 5 3 2 7 15 245
"416" 1 4 3 2 7 15 245
"417" 0 0 3 2 7 15 245
"418" 0 0 6 2 7 15 246
"419" 0 4 7 2 7 15 246
"420" 1 1 5 2 7 15 246
"421" NA 0.908965653639311 6.11602209944751 4 7 15 247
"422" 0 0 4 2 7 15 248
"423" 1 0 5 1 7 15 249
"424" 0 0 5 1 7 15 250
"425" 0 1 5 3 7 15 251
"426" 0 0 7 2 7 15 251
"427" 0 1 4 2 7 15 251
"428" 0 1 4.33333333333333 2 2 15 251
"429" 0 0 5 2 2 15 252
"430" 1 0 3 2 2 15 252
"431" 0 1 2 2 2 15 252
"432" 0 3 5 4 2 15 448
"433" 1 1 5 4 2 15 448
"434" 0 1 3 1 3 15 448
"435" 0 1 3 4 4 15 448
"436" 0 0.0828729281767956 1.07936507936508 1 5 16 253
"437" 0 0.0828729281767956 1.07936507936508 1 5 16 253
"438" 0 3 1.07936507936508 1 4 16 254
"439" 0 0 1.07936507936508 1 7 16 255
"440" 0 1.30256410256410 3.07936507936508 1 7 16 256
"441" 0 1 4 4 3 16 257
"442" NA 0.902725219642513 3.07936507936508 1 2 16 258
"443" 0 1 2 1 5 16 259
"444" 0 2 1.07936507936508 5 2 16 260
"445" 0 1.08287292817680 3 4 3 16 261
"446" 1 2 2.07936507936508 3 2 16 262
"447" 0 0 3 3 2 16 263
"448" NA 0.902725219642513 4.07936507936508 1 4 16 264
"449" 0 0 2 1 2 16 265
"450" 0 2 2 1 3 16 265
"451" 0 1 2 1 4 16 265
"452" 0 2 1.07936507936508 1 2 16 266
"453" 1 0.0828729281767956 2 2 1 16 267
"454" 0 0.0828729281767956 3 2 3 16 267
"455" 0 1 2 1 4 16 268
"456" 1 0 1 1 2 16 269
"457" 1 3 2 1 3 16 269
"458" 0 5.0828729281768 4 1 4 16 270
"459" 1 0 5 3 4 16 271
"460" 1 0 5 3 4 16 271
"461" 1 0 4 1 4 16 271
"462" 0 1 3.07936507936508 1 3 16 272
"463" 0 0 5 2 2 16 273
"464" 0 0 5 2 2 16 273
"465" 0 0 6 2 2 16 274
"466" 1 0 5.33333333333333 3 5 16 275
"467" 1 2 6 2 6 16 275
"468" 1 3.33333333333333 6 2 6 16 275
"469" 1 5 5 3 6 16 275
"470" 1 5 6 2 4 16 276
"471" 1 2 6 3 4 16 276
"472" NA 0.94361501465701 1.06338028169014 4 2 17 277
"473" 0 2 2.06338028169014 2 2 17 278
"474" 0 0 1.06338028169014 3 2 17 278
"475" 0 0 3 5 2 17 279
"476" 0 1 1 5 3 17 279
"477" 0 1 2 4 4 17 280
"478" 0 1 3 3 5 17 280
"479" 0 1 2 5 3 17 281
"480" 0 2 3 5 2 17 282
"481" 0 2 5 5 2 17 282
"482" NA 1.07823039927239 3.06338028169014 2 2 17 283
"483" 0 2 4 4 2 17 284
"484" 0 1 5 1 5 17 285
"485" 0 0 4 4 3 17 286
"486" 0 2 3 3 2 17 287
"487" 0 0 4 1 2 17 287
"488" 1 0 4 3 3 17 287
"489" NA 0.94361501465701 4.06338028169014 1 3 17 288
"490" 0 2.22119547119547 4 1 3 17 445
"491" 1 0 3.2 2 2 18 289
"492" 1 3 5 2 3 18 290
"493" 0 2 7 2 3 18 290
"494" 1 1 7 2 4 18 290
"495" 0 2 1.2 2 2 18 291
"496" 1 5 6 2 2 18 292
"497" 1 2 5 2 3 18 292
"498" 0 0.231319178259184 4 2 2 18 293
"499" 1 5 1.2 4 3 18 294
"500" 1 1 4 2 3 18 295
"501" 0 3 7 2 4 18 295
"502" 0 0.0654205607476635 3 2 4 18 296
"503" 0 4 3 2 4 18 297
"504" 1 7 4 3 3 18 298
"505" 0 5 4 2 2 18 299
"506" 0 1 3 3 2 18 299
"507" 1 2 6 2 6 18 300
"508" 0 1 7 2 6 18 300
"509" 0 1 4 2 7 18 300
"510" 1 2 4 2 4 18 301
"511" 0 1 4 2 4 18 301
"512" 1 0 3 2 4 18 301
"513" 0 1 6 4 5 18 301
"514" 0 0 1.10897435897436 1 2 19 302
"515" 1 2 5 2 4 19 303
"516" 1 0 4 2 7 19 304
"517" 1 2 3 2 7 19 304
"518" 1 3 5 2 3 19 305
"519" 0 0 5 2 4 19 305
"520" NA 1.35376108042546 3.10897435897436 2 6 19 306
"521" 0 0 3 2 2 19 307
"522" 0 0 4.10897435897436 2 3 19 308
"523" 0 0 3 2 5 19 309
"524" 1 0 3 2 5 19 309
"525" 0 1 3 2 2 19 309
"526" 1 1 3 2 7 19 310
"527" 0 0 3 2 7 19 310
"528" 0 0 4 2 7 19 310
"529" 0 1 4 2 7 19 310
"530" 0 0.0224215246636771 1.02631578947368 1 2 20 311
"531" 0 0 1.02631578947368 1 2 20 312
"532" 0 1 1.02631578947368 1 2 20 312
"533" 0 0 1.02631578947368 1 2 20 312
"534" 0 0 3 1 5 20 313
"535" 0 0 3 1 3 20 313
"536" 0 2 4 1 4 20 313
"537" 1 2 5 1 5 20 313
"538" 0 0 2 1 2 20 314
"539" 0 0 1 1 5 20 315
"540" 0 2 3 1 5 20 315
"541" NA 0.666666666666667 1 1 6 20 315
"542" 0 0 4 1 6 20 315
"543" 0 0 2 1 5 20 316
"544" 0 0 2 1 5 20 316
"545" 0 0 2 1 3 20 317
"546" 0 0 1 1 2 20 317
"547" NA 0 2 1 2 20 317
"548" 0 0 3 5 2 20 318
"549" 0 1 3 1 3 20 318
"550" 1 1 4 1 3 20 319
"551" 0 0 1 4 3 20 319
"552" 0 0 3 1 4 20 320
"553" 0 1 3 1 2 20 320
"554" 0 0 3 1 2 20 320
"555" 0 0 4 1 3 20 320
"556" 0 1 3 1 6 20 321
"557" 1 0 4 1 6 20 321
"558" 0 0 3 1 7 20 321
"559" 0 0.0316901408450704 4 5 2 21 322
"560" 0 0 3.07262569832402 1 2 21 323
"561" 0 0 2 4 4 21 324
"562" 0 0 1.07262569832402 5 2 21 325
"563" 0 0 1.07262569832402 1 3 21 326
"564" 1 0 4 4 4 21 327
"565" 1 0 2 1 3 21 328
"566" 0 0.0316901408450704 2.07262569832402 1 4 21 329
"567" NA 0.487754863330489 2.07262569832402 1 2 21 330
"568" 0 0 2 1 2 21 331
"569" 0 0 2 1 2 21 332
"570" 0 0 2 1 3 21 332
"571" 0 0 1 1 2 21 332
"572" NA 0 4 1 3 21 332
"573" NA 1.48775486333049 3.07262569832402 1 2 21 333
"574" 0 0 2.07262569832402 1 2 21 334
"575" 0 0 3.07262569832402 1 3 21 334
"576" 0 0 3 1 3 21 335
"577" 0 0 2.33333333333333 1 3 21 335
"578" 0 0 5 4 3 21 335
"579" 0 0 5 1 3 21 335
"580" 0 0 2 1 2 21 336
"581" 0 0 3.07262569832402 3 3 21 337
"582" 0 0 5 1 3 21 338
"583" 0 0 5 1 2 21 338
"584" 0 0 5 1 3 21 338
"585" 0 3 4 1 3 21 338
"586" 0 0 2 1 3 21 339
"587" 0 0 2 1 3 21 340
"588" 0 1 1.07262569832402 5 2 21 341
"589" 0 0 5 1 2 21 342
"590" 0 0 3 1 3 21 342
"591" 0 0.0316901408450704 4 1 3 21 343
"592" 0 0 3 1 3 21 344
"593" 0 0 4 1 2 21 345
"594" 1 4 5 1 2 21 345
"595" 0 0.0316901408450704 3 4 2 21 346
"596" 0 3 2 1 2 22 347
"597" 0 0 2.11392405063291 1 2 22 348
"598" 0 1.08 3 3 4 22 349
"599" 0 0.08 1.11392405063291 5 2 22 350
"600" 0 0 1.11392405063291 1 2 22 351
"601" 0 0 2 1 2 22 352
"602" 0 0.135837563451777 2 4 4 22 353
"603" 0 1.08 2.11392405063291 1 2 22 354
"604" 0 1 5 5 4 22 355
"605" 0 0.08 2.11392405063291 1 2 22 356
"606" 0 0 4 4 2 22 357
"607" 0 0.524733547518518 4 1 2 22 358
"608" NA 0.692199017947039 3.11392405063291 1 6 22 359
"609" 0 0 4 1 7 22 360
"610" NA 0 3 1 7 22 360
"611" 0 0.135837563451777 3 1 2 22 361
"612" NA 0.692199017947039 1.11392405063291 1 3 22 362
"613" 1 2 4 1 4 22 363
"614" 0 2 2 5 4 22 364
"615" 1 0 4 1 2 22 365
"616" 1 0.08 4 4 2 22 366
"617" 0 1 5 1 7 22 367
"618" 0 2 6 1 4 23 368
"619" 0 1 4 1 3 23 369
"620" 1 2 4 2 7 23 370
"621" 0 0 3 1 5 23 371
"622" NA 1.25949707169398 2.15270935960591 1 2 24 372
"623" 0 0 1.15270935960591 2 2 24 373
"624" 0 0 2 1 3 24 374
"625" 0 0 2 1 3 24 374
"626" 0 0 1 1 3 24 374
"627" 0 0 4 1 7 24 375
"628" 0 0 4 1 7 24 375
"629" NA 0 2 1 7 24 375
"630" 1 0 3 2 5 24 376
"631" 0 1 3 2 5 24 377
"632" 1 5 2.15270935960591 2 3 24 378
"633" 1 6 3.15270935960591 2 3 24 378
"634" 1 6 1.15270935960591 2 3 24 378
"635" 0 0 4 3 3 24 379
"636" 1 1 6 1 4 24 380
"637" 0 0 6 1 4 24 380
"638" 1 5 6 4 4 24 380
"639" 1 0 2 4 7 24 381
"640" NA 0 3 1 2 24 381
"641" NA 1.23366681339139 3.15270935960591 4 4 24 382
"642" 0 0 3 1 4 24 383
"643" 0 0 5 1 4 24 383
"644" 0 1 3 1 3 24 383
"645" 0 0 3 3 4 24 383
"646" 1 0 2 2 3 24 384
"647" 1 1 2 2 3 24 384
"648" 0 0 4 2 2 24 385
"649" 0 2 1.13821138211382 1 2 25 386
"650" 0 0 3.13821138211382 1 2 25 386
"651" 0 0 1.13821138211382 4 2 25 386
"652" 0 0 3 1 2 25 387
"653" 1 0 1 1 2 25 387
"654" 0 0 1.13821138211382 1 2 25 388
"655" 0 0 2 1 3 25 389
"656" 0 0 2 1 2 25 389
"657" 0 0 2 1 3 25 389
"658" 0 1 3.13821138211382 1 2 25 390
"659" 1 1.01481481481481 2.13821138211382 1 2 25 391
"660" 0 2 6 1 2 25 392
"661" 0 1 3 1 7 25 393
"662" 1 4 4 1 7 25 393
"663" 0 0 1.13821138211382 1 2 25 394
"664" NA 0.530783498531236 1.13821138211382 1 2 25 395
"665" 0 0 3.13821138211382 1 3 25 396
"666" 0 1 4 1 3 25 397
"667" NA 0.58546113656948 1.20693990445059 1 2 25 398
"668" 0 1 6 1 5 25 399
"669" NA 0.333333333333333 4.33333333333333 1 5 25 399
"670" 0 0 5 1 6 25 399
"671" 0 0 5 1 6 25 399
"672" 0 3 5 1 5 25 400
"673" 0 0 4 1 5 25 400
"674" 0 0 3 1 5 25 400
"675" 0 0 6 1 2 25 401
"676" 0 0.106741573033708 3.21604938271605 2 2 26 402
"677" 1 1.10674157303371 3.21604938271605 2 3 26 402
"678" 0 0 2 2 3 26 403
"679" 1 0 6 2 2 26 404
"680" 0 0 3.21604938271605 2 2 26 405
"681" 1 2.10674157303371 2 2 2 26 406
"682" 1 1.10674157303371 4 2 3 26 407
"683" 0 0 4 2 6 26 408
"684" 0 0.106741573033708 4 3 5 26 409
"685" 1 2 3 4 5 26 410
"686" NA 2.61093419392816 5 2 7 26 411
"687" 0 0 2 2 3 26 444
"688" 0 0 3 2 3 26 444
"689" 0 0 5 2 3 26 444
"690" 0 0 2 2 3 26 444
"691" 0 0 2 2 1 27 412
"692" 0 0 1 2 2 27 412
"693" 0 0 3 2 3 27 413
"694" 0 0.0892018779342723 2 2 3 27 414
"695" 1 0.0892018779342723 4 2 3 27 414
"696" NA 0.940790213547272 1.09090909090909 2 2 27 415
"697" 0 0 3 2 1 27 416
"698" 0 0 1 2 3 27 416
"699" 0 0 1.09090909090909 2 3 27 417
"700" 0 0 1.09090909090909 2 3 27 418
"701" 0 0 1.09090909090909 2 2 27 418
"702" 0 0 3 2 5 27 419
"703" 1 1 3 2 3 27 420
"704" 1 1 2 2 3 27 420
"705" 0 1 4 2 3 27 421
"706" 1 5 4 2 4 27 421
"707" 0 0 4 2 4 27 421
"708" 1 2 3 2 7 27 422
"709" 0 1 3 2 7 27 422
"710" 0 2 3 2 7 27 422
"711" 1 1 3 2 7 27 422
"712" 1 0 3 2 6 27 423
"713" 1 2 4 2 6 27 423
"714" NA 1 3 2 6 27 423
"715" 0 1 3 2 6 27 423
"716" 1 2.00862068965517 4 2 7 27 424
"717" 1 1.00862068965517 3 2 7 27 424
"718" 0 1 5 2 2 27 425
"719" 1 4 3 4 5 27 426
"720" 1 5 6 4 5 27 426
"721" 1 4.33333333333333 4 2 5 27 426
"722" 0 2 3 2 6 27 426
"723" NA 0.47880895316887 1.04385964912281 1 2 28 427
"724" 1 0 2.04385964912281 1 2 28 428
"725" 0 1.00655737704918 1.04385964912281 2 2 28 429
"726" 0 0 1.04385964912281 2 2 28 430
"727" 1 0.007380073800738 2 2 3 28 431
"728" 0 0.00655737704918033 1.04385964912281 5 3 28 432
"729" NA 0.47880895316887 3.04385964912281 1 2 28 433
"730" 0 0.00655737704918033 1.04385964912281 5 3 28 434
"731" 0 1.00655737704918 1.04385964912281 1 2 28 434
"732" 0 0.00655737704918033 1.04385964912281 1 3 28 434
"733" 0 0.00655737704918033 1.04385964912281 1 1 28 434
"734" 1 0 2 2 3 28 435
"735" 0 0 4 1 2 28 435
"736" 0 0 3 1 3 28 435
"737" 1 0 4 2 2 28 435
"738" 0 5.00738007380074 1.04385964912281 1 3 28 436
"739" 0 0 1.04385964912281 2 4 28 437
"740" 1 0 1 4 2 28 438
"741" NA 0 4 2 3 28 438
"742" 0 0 1 2 3 28 438
"743" 0 0 2 3 3 28 438
"744" 0 0 1 2 2 28 439
"745" 0 0 3 2 2 28 439
"746" 1 1 2 2 2 28 440
"747" 1 0 2 2 4 28 441
"748" 0 0 5 1 3 28 442
"749" 1 0 3 2 3 28 442
"750" 1 3 6 2 3 28 442
"751" 1 2 4 2 3 28 442
"752" 0 0 6 2 7 28 443
"753" 0 0 6 2 6 28 443
"754" NA 0.333333333333333 5 1 7 28 443
"755" 0 1 6 2 4 28 443
"756" 0 1 1.03553299492386 1 8 29 450
"757" 0 1 4 1 8 29 451
"758" NA 1 2 1 8 29 451
"759" NA 1 1 1 8 29 451
"760" NA 1 2 1 8 29 451
"761" 0 1 1.03553299492386 1 7 29 452
"762" NA 0 2.03553299492386 1 3 29 453
"763" NA 0 1.03553299492386 1 3 29 453
"764" NA 0 1.03553299492386 1 3 29 453
"765" 0 0 1.03553299492386 1 3 29 453
"766" 1 1 2 1 7 29 454
"767" 0 0 1.03553299492386 1 7 29 455
"768" 0 0 1.03553299492386 1 7 29 455
"769" 0 0 1.03553299492386 1 7 29 455
"770" 0 0 1.03553299492386 1 4 29 456
"771" NA 0 1.03553299492386 1 4 29 456
"772" NA 0 1.03553299492386 1 4 29 456
"773" NA 1.81777674142375 3.03553299492386 1 5 29 457
"774" NA 1.81777674142375 3.03553299492386 1 5 29 457
"775" 0 1 3 1 6 29 458
"776" 0 1 3 1 5 29 459
"777" 1 1 2 1 4 29 460
"778" 0 0 2 1 4 29 460
"779" 0 1 3 4 7 29 460
"780" 1 0 4 1 4 29 460
"781" 1 6 5 3 7 29 461
"782" 0 2 3 1 3 29 462
"783" 0 1 5 3 4 29 463
"784" 0 6 3 1 5 29 464
"785" NA 6 3 1 5 29 465
"786" NA 6 3 1 6 29 465
"787" NA 6 3 1 6 29 465
"788" 1 6 4 1 6 29 465
"789" 0 0 5 5 7 29 466
"790" 0 0 6 1 7 29 466
"791" 0 0 4 1 7 29 466
"792" 0 0 3 1 7 29 466
"793" NA 0.817776741423746 3.03553299492386 1 5 29 467
"794" NA 0.817776741423746 3.03553299492386 1 8 29 468
"795" 1 4 7 3 2 30 469
"796" 0 1 6 3 3 30 469
"797" 0 2 6 3 3 30 469
"798" 0 1 6 5 3 30 469
"799" 0 0 2 1 7 30 470
"800" 0 0 3 1 7 30 470
"801" 0 0 3 1 7 30 470
"802" 1 2 7 4 3 30 471
"803" 1 0 6 3 4 30 471
"804" 0 0 2 5 5 30 472
"805" 1 1 3 3 5 30 473
"806" 1 3 3 1 5 30 474
"807" 0 2 4 2 5 30 475
"808" NA 1.5 3 1 7 30 476
"809" 0 1 3 1 7 30 476
"810" 0 2 3 1 7 30 476
"811" 0 0 4 1 6 30 477
"812" 0 0 3 1 4 30 478
"813" 1 3 6 5 5 30 479
"814" 0 0 3 1 6 30 480
"815" 0 4 4 1 1 30 481
"816" 1 2 4 1 5 30 482
"817" NA 0.5 3 1 3 30 483
"818" 0 1 4 1 6 30 483
"819" 0 0 3 1 4 30 483
"820" NA 1.57618061837545 3.08396946564885 1 3 30 484
"821" NA 1.57618061837545 3.08396946564885 1 3 30 484
"822" 0 2 3 1 7 30 485
"823" 0 3 3 1 7 30 485
"824" 1 4 3 1 7 30 486
"825" 0 0 1.08396946564886 1 4 30 487
"826" 1 2 1.08396946564886 1 4 30 488
"827" 0 1 4 3 4 30 489
"828" 0 0 3 1 2 30 668
"829" NA 1 5 3 2 30 670
"830" NA 1 4 3 4 30 670
"831" 0 3 2.08658008658009 1 4 31 490
"832" NA 0.333333333333333 1 1 8 31 491
"833" 0 0 1 1 8 31 491
"834" 0 0 3 1 8 31 491
"835" 1 1 1 3 8 31 491
"836" 0 0 1.08658008658009 1 7 31 492
"837" 0 0 1.08658008658009 1 8 31 493
"838" NA 0.333333333333333 1.08658008658009 1 8 31 493
"839" 0 0 1.08658008658009 1 8 31 493
"840" 0 1 1.08658008658009 1 8 31 493
"841" 1 0 1.08658008658009 4 3 31 494
"842" 0 3 6 1 4 31 495
"843" 0 1 4 1 4 31 495
"844" 1 1 3 1 4 31 495
"845" 0 0 3 1 4 31 495
"846" 0 3 1.08658008658009 1 3 31 496
"847" 0 0 4 1 4 31 497
"848" 0 0 2 5 4 31 497
"849" 0 1 3 1 4 31 497
"850" 0 0 3 1 4 31 497
"851" 1 0 5 1 4 31 498
"852" 0 1 5 1 7 31 499
"853" 0 1 3 1 7 31 500
"854" NA 0.8482331261912 2.08658008658009 1 8 31 501
"855" 0 0 3 1 6 31 502
"856" 0 0 3 1 6 31 503
"857" 0 0 4.08658008658009 3 2 31 504
"858" 0 1 3.08658008658009 5 5 31 505
"859" 0 1 2 1 3 31 506
"860" 0 2 5 1 5 31 507
"861" 0 0 5 1 5 31 507
"862" NA 1 4 4 5 31 507
"863" NA 1 3 4 5 31 507
"864" 0 1 3 1 2 31 508
"865" NA 0 3.075 1 8 32 509
"866" 0 0 1.075 1 7 32 509
"867" 0 0 1.075 1 7 32 509
"868" 0 0 1.075 1 7 32 509
"869" NA 0.537489686855499 1.075 1 8 32 510
"870" 0 0 3.075 1 8 32 511
"871" 0 0 1.075 1 9 32 512
"872" 0 0 1.075 1 9 32 512
"873" 0 0 1.075 1 9 32 512
"874" 0 0 1.075 1 3 32 513
"875" 0 0 3.075 5 3 32 513
"876" NA 0.537489686855499 1.075 1 8 32 514
"877" 0 0 3 1 5 32 515
"878" 0 0 3 1 5 32 515
"879" 0 0 2 1 7 32 516
"880" 0 0 1 1 7 32 516
"881" 0 0 2 4 8 32 517
"882" 0 1 2 5 8 32 517
"883" 0 2 3 1 8 32 517
"884" 0 0 2 1 8 32 517
"885" 0 1 1.075 1 8 32 518
"886" 0 2 3.075 1 8 32 518
"887" NA 1 1.075 1 8 32 518
"888" 0 0 1.075 1 8 32 518
"889" 0 0 3 1 3 32 519
"890" 0 1 3 4 8 32 520
"891" 0 0 1.075 1 7 32 521
"892" 0 0 1.075 1 7 32 521
"893" 0 0 1.075 1 7 32 521
"894" 0 0 1.075 1 7 32 521
"895" 0 0 1.075 1 8 32 522
"896" 0 0 3.075 1 4 32 523
"897" 0 0 1.075 1 8 32 524
"898" 0 0 1.075 1 8 32 524
"899" 0 0.0310734463276836 2 1 5 32 525
"900" 1 3 3 1 4 32 526
"901" NA 3 3 1 6 32 527
"902" 1 3 3 5 7 32 527
"903" 1 3 3 1 7 32 527
"904" 0 0 2 1 3 32 528
"905" 0 0 3.075 1 4 32 529
"906" 0 0 4 1 3 32 530
"907" 0 5 3 1 4 32 530
"908" 0 0 4 1 5 32 530
"909" 0 0 3 1 5 32 531
"910" 0 0.00471698113207547 3 1 3 32 532
"911" 0 0 5 1 7 32 533
"912" 0 0 2 1 8 32 534
"913" NA 0 2 2 8 32 534
"914" 0 0 2 1 8 32 534
"915" 0 0 3 5 6 32 535
"916" 0 0 3 1 6 32 535
"917" 0 0 3 5 6 32 535
"918" NA 0 3 5 6 32 535
"919" NA 0.5 3 1 8 33 536
"920" 0 0 5 1 8 33 536
"921" 1 1 5 1 8 33 536
"922" 0 0 1 1 7 33 537
"923" 0 0 1 7 7 33 537
"924" 0 0 1 1 8 33 537
"925" 0 0 2 1 8 33 537
"926" 0 0 1.07894736842105 1 7 33 538
"927" 0 0 2 1 3 33 539
"928" 0 0 2 1 5 33 540
"929" 0 0 2 1 6 33 540
"930" 1 2 3 1 6 33 540
"931" 0 1 3 1 4 33 541
"932" 0 1 5.07894736842105 5 5 33 542
"933" 0 6 3.07894736842105 1 4 33 543
"934" 0 3 5.07894736842105 1 6 33 543
"935" 0 5 5.07894736842105 1 6 33 543
"936" 0 0 3 1 2 33 544
"937" 0 0 2 1 2 33 544
"938" 0 1 1.07894736842105 1 8 33 545
"939" 0 0 4 2 3 33 546
"940" NA 0 2 1 6 33 546
"941" 0 0 2 2 4 33 546
"942" 0 4 3 1 3 33 547
"943" 0 2 4 1 3 33 548
"944" NA 0 1.07894736842105 1 2 33 549
"945" 0 0 1.07894736842105 1 2 33 549
"946" 0 0 2.07894736842105 5 2 33 549
"947" 0 0 3 1 4 33 550
"948" 0 2 3 4 4 33 550
"949" 0 3 5 1 4 33 550
"950" NA 1.66666666666667 3 2 7 33 550
"951" 0 0 3 1 7 33 551
"952" 0 1 3 1 7 33 551
"953" 0 0 3 1 7 33 551
"954" 0 0 3 1 7 33 551
"955" 0 0 3 7 3 33 552
"956" 0 0 2 1 3 33 552
"957" NA 0 2 1 3 33 552
"958" 0 1 4 4 7 33 553
"959" 1 3 3 2 7 33 554
"960" 0 0 3 5 6 33 555
"961" 0 0 3 4 3 33 556
"962" 0 4 5 1 8 33 557
"963" 0 0 3 1 8 33 558
"964" 0 0 4 3 7 33 559
"965" 0 4 6 3 7 33 559
"966" 0 0 3 2 7 33 559
"967" 0 2 6 2 7 33 559
"968" NA 0.5 2 1 8 33 560
"969" 0 1 2 1 8 33 560
"970" NA 0.5 2 1 8 33 560
"971" 0 0 4 1 8 33 560
"972" 0 0 6 2 6 33 561
"973" 0 0.0299295774647887 7 3 6 33 562
"974" 0 1.22077922077922 3 1 3 34 563
"975" NA 1.22077922077922 3 1 3 34 563
"976" 0 0 2 1 9 34 564
"977" 0 0 1 1 9 34 564
"978" 0 0 3 1 8 34 565
"979" NA 0.568229531903502 1.04069767441860 1 7 34 566
"980" 1 5 3 1 3 34 567
"981" 1 1 2 1 4 34 567
"982" 0 0 1.04069767441860 1 7 34 568
"983" 0 1 1.04069767441860 1 7 34 568
"984" 0 0 1.04069767441860 1 7 34 568
"985" NA 0.333333333333333 1.04069767441860 1 7 34 568
"986" 0 0 4 1 3 34 569
"987" 0 1 1.04069767441860 1 2 34 570
"988" 0 0 1.04069767441860 1 8 34 571
"989" 0 0 3.04069767441860 1 8 34 571
"990" 0 0 1.04069767441860 1 5 34 571
"991" 0 0 1.04069767441860 1 5 34 571
"992" 0 0 2 5 3 34 572
"993" 0 0 2 1 3 34 572
"994" NA 0 2 1 4 34 572
"995" NA 0 2 1 4 34 572
"996" 0 2 6 3 8 34 573
"997" 0 0 6 4 8 34 573
"998" NA 0.568229531903502 1.04069767441860 1 7 34 574
"999" NA 0.5794116405297 3.04069767441860 1 5 34 575
"1000" NA 0.568229531903502 3.04069767441860 1 3 34 576
"1001" 0 1 3 1 5 34 577
"1002" 0 1 3 1 6 34 578
"1003" 0 3 3 1 6 34 578
"1004" 0 1 3 1 6 34 578
"1005" 0 0.0429906542056075 2 1 1 34 579
"1006" 1 2.04945054945055 3 4 4 34 580
"1007" NA 1 3 1 5 34 581
"1008" 0 0 3 1 5 34 581
"1009" NA 1 3 1 5 34 581
"1010" 0 2 3 1 5 34 581
"1011" 0 0 3 1 7 34 582
"1012" 0 1 4 1 7 34 582
"1013" 0 0 2 1 7 34 582
"1014" 0 0 3 1 7 34 582
"1015" NA 0.568229531903502 3.04069767441860 1 7 34 583
"1016" 0 2 2.04069767441860 5 2 34 584
"1017" 0 0 1.04069767441860 5 2 34 584
"1018" 0 0 4.0406976744186 1 2 34 584
"1019" 0 0 1.04069767441860 5 2 34 584
"1020" 0 0 3 1 4 34 585
"1021" 0 0 3 1 4 34 585
"1022" 0 0 3 1 4 34 585
"1023" 0 4 3 1 5 34 585
"1024" 0 0 3 1 5 34 586
"1025" 0 0 2 1 4 34 587
"1026" 0 0 2 1 8 34 588
"1027" 0 0 2 1 8 34 588
"1028" 0 0 2 1 8 34 588
"1029" 0 0 2 1 8 34 588
"1030" NA 3.0111821086262 5 1 6 34 589
"1031" 1 3.0111821086262 4 1 6 34 589
"1032" 0 0 3 1 4 34 590
"1033" 0 0 5 1 4 34 590
"1034" 0 0 3 1 4 34 590
"1035" 0 0 3 1 4 34 590
"1036" 0 1 5 3 8 34 591
"1037" 0 0.0429906542056075 1.04069767441860 1 3 34 660
"1038" 0 0 1.04069767441860 1 2 34 661
"1039" 1 2.05490704309396 3.1171875 1 5 35 592
"1040" 0 0 3 5 4 35 593
"1041" 0 1 3 1 7 35 594
"1042" 0 0 3 1 7 35 594
"1043" 0 4 4 7 8 35 594
"1044" 0 1 3 1 8 35 594
"1045" 1 1 4 4 7 35 595
"1046" 0 1 3 4 4 35 596
"1047" 1 5 5 1 4 35 597
"1048" 0 1 6 2 5 35 597
"1049" 0 1 6 4 4 35 598
"1050" 0 2 5 1 5 35 598
"1051" 0 1 1.5 1 7 35 599
"1052" 0 0 1.5 2 7 35 599
"1053" 0 2 3 1 7 35 599
"1054" 0 0 5 1 7 35 599
"1055" 0 1 5 4 5 35 600
"1056" 1 2 4 4 5 35 601
"1057" 1 2 3 4 5 35 601
"1058" 1 2 5 4 5 35 601
"1059" NA 2 3 4 6 35 601
"1060" 1 1 6 3 5 35 602
"1061" 0 0 6 4 5 35 602
"1062" 1 0 6 4 5 35 602
"1063" 0 3 7 4 5 35 602
"1064" 1 1 4 4 4 35 603
"1065" 1 2 6 2 3 35 604
"1066" 0 0.406896551724138 5 4 3 35 605
"1067" 1 4 4 2 7 35 606
"1068" 1 6 4 2 7 35 606
"1069" 1 2 6 2 1 35 606
"1070" 1 3 4 1 2 35 606
"1071" 1 0 4 5 7 35 607
"1072" 0 0 3 1 7 35 607
"1073" 0 2 3 1 7 35 607
"1074" 0 1 4 1 6 35 608
"1075" 0 1 5 2 7 35 609
"1076" 1 2 6 2 7 35 609
"1077" 0 3 4 2 6 35 610
"1078" NA 1.37215382690975 5.1171875 2 6 35 611
"1079" NA 1.37215382690975 4.49448811349693 3 6 35 672
"1080" 0 0 2 3 7 35 673
"1081" 1 6 2 4 2 35 675
"1082" 1 0 5 4 4 35 676
"1083" 1 5 6 4 2 35 678
"1084" 0 1 5 4 3 35 678
"1085" 1 3 4 4 4 35 678
"1086" 1 6 2 2 5 35 678
"1087" 0 1 3 2 2 36 612
"1088" 0 0.444827586206897 2.18503937007874 2 3 36 613
"1089" 0 3.08641975308642 5 2 4 36 614
"1090" 0 2.08641975308642 4 2 4 36 614
"1091" 0 0 4 2 7 36 615
"1092" 0 0 5 6 7 36 615
"1093" 0 0 4 2 7 36 615
"1094" 0 0 5 2 7 36 615
"1095" 0 3 5 2 4 36 616
"1096" 1 1 4 2 2 36 617
"1097" 0 1 5 2 2 36 617
"1098" 0 2 3.18503937007874 2 2 36 618
"1099" 0 0 2.18503937007874 2 2 36 618
"1100" 1 0 3.18503937007874 4 2 36 618
"1101" NA 6 3 2 5 36 619
"1102" 0 6 4 2 5 36 619
"1103" 1 1.16491228070175 6 3 2 36 620
"1104" 1 0 6 2 3 36 621
"1105" 0 0 5 4 4 36 621
"1106" 1 0 3.18503937007874 3 6 36 622
"1107" 1 4 5 2 4 36 623
"1108" 1 3 5 3 6 36 624
"1109" 1 3 4 2 2 36 625
"1110" 0 0 3 2 1 36 662
"1111" 1 4 5 2 5 36 664
"1112" 1 5 5 2 2 36 671
"1113" 1 5 5 2 6 36 674
"1114" 1 3 4 2 2 36 677
"1115" 1 5 3 2 5 36 679
"1116" NA 5 3 2 7 36 679
"1117" 0 6 6 2 5 36 681
"1118" 0 4 4 2 7 36 681
"1119" 1 5 3 2 4 36 682
"1120" 0 0 5 1 6 37 626
"1121" 1 0 3 2 6 37 626
"1122" 0 0 4 1 7 37 626
"1123" 0 1 3 3 2 37 627
"1124" NA 1.13356701743531 2.33678756476684 4 8 37 628
"1125" 0 1 2 2 3 37 629
"1126" 1 1.04166666666667 4 4 5 37 630
"1127" 1 0 4 4 5 37 631
"1128" 1 1 7 3 6 37 632
"1129" 1 4 7 4 6 37 632
"1130" 0 0.099526066350711 5 3 2 37 633
"1131" 0 0 4 3 2 37 634
"1132" NA 1.13356701743531 6.33678756476684 2 6 37 635
"1133" 0 1 6 2 6 37 636
"1134" 0 3 5 2 7 37 636
"1135" 1 5 6 2 7 37 637
"1136" 1 4 6 2 2 37 638
"1137" 1 1 2 2 2 37 663
"1138" 1 3 5 3 2 37 665
"1139" 0 0 3 3 3 37 665
"1140" 0 0 3 3 4 37 665
"1141" 1 2 4 3 5 37 665
"1142" 1 1 4 2 6 37 666
"1143" 0 0 1.16343490304709 1 6 38 639
"1144" 0 1 3 4 3 38 640
"1145" 0 0 3 4 3 38 640
"1146" 1 2 3 1 3 38 640
"1147" 0 0 3 4 4 38 641
"1148" 0 0 3 2 7 38 642
"1149" 1 0 5 4 7 38 643
"1150" 0 1 5 4 2 38 643
"1151" 1 0 4 4 5 38 644
"1152" 0 0 3 1 6 38 644
"1153" 0 0.0345622119815668 3.16343490304709 4 5 38 645
"1154" 0 3 3 1 7 38 646
"1155" NA 3 4 4 3 38 647
"1156" 1 3 4 4 6 38 647
"1157" 1 5 6 4 2 38 647
"1158" 1 1 6 4 3 38 647
"1159" NA 3.5 3 4 5 38 648
"1160" NA 3.5 3 1 6 38 648
"1161" 0 3 5 1 6 38 648
"1162" 0 4 3 1 6 38 648
"1163" 0 0 6 4 4 38 649
"1164" 1 2 4 4 4 38 649
"1165" NA 3.5 5 4 5 38 650
"1166" NA 3.5 4 2 5 38 650
"1167" 0 4 5 4 3 38 650
"1168" NA 3 3 1 4 38 650
"1169" 0 2 4 4 3 38 651
"1170" 0 0 5 4 3 38 652
"1171" 1 0 5 4 3 38 652
"1172" 0 0 3 3 3 38 652
"1173" 1 1 3 4 3 38 652
"1174" 0 5 4 4 6 38 653
"1175" 0 1 4 3 6 38 653
"1176" 0 4 3 4 6 38 653
"1177" 0 0 5 4 3 38 654
"1178" 1 0 4 4 3 38 654
"1179" 0 2 5 4 3 38 654
"1180" 1 1 5 4 3 38 654
"1181" 1 0 3 4 4 38 655
"1182" 1 0 5 4 4 38 655
"1183" NA 2.5 6 4 5 38 656
"1184" 1 5 3 3 4 38 656
"1185" NA 2.5 4.66666666666667 4 5 38 656
"1186" 1 0 5 4 5 38 656
"1187" 0 4 5 4 3 38 657
"1188" 1 0 3 4 5 38 658
"1189" 0 3 3 1 3 38 659
"1190" 1 4 3 1 3 38 659
"1191" 1 4 3 1 3 38 659
"1192" NA 1.37191328144055 5.16343490304709 2 4 38 667
"1193" 1 4 4 4 2 38 669
"1194" 0 0 5 4 7 38 680
"1195" NA 0.524286223154649 2.08943089430894 1 3 39 683
"1196" 0 0 2 1 2 39 684
"1197" 0 0 2 1 3 39 684
"1198" 0 0.0297029702970297 4 4 3 39 685
"1199" NA 0 2 1 3 39 686
"1200" NA 0 1 1 3 39 686
"1201" 0 0 3 1 2 39 686
"1202" 0 0 2 5 3 39 686
"1203" 1 1 4 4 2 39 687
"1204" 0 0 1 1 3 39 688
"1205" NA 0 2 1 2 39 688
"1206" 0 0 2 1 2 39 688
"1207" 0 0 2 1 2 39 689
"1208" NA 0.524286223154649 3.08943089430894 2 2 39 690
"1209" NA 0.524286223154649 4.08943089430894 5 2 39 690
"1210" 0 0.0297029702970297 2 1 4 39 691
"1211" 0 0.0297029702970297 3.08943089430894 1 2 39 692
"1212" 0 0 1 1 4 39 693
"1213" 0 1 3 1 3 39 693
"1214" 0 0 1 1 3 39 693
"1215" 0 0.0478723404255319 3 1 2 39 694
"1216" 0 1.02970297029703 3 4 4 39 695
"1217" 0 0 3 1 5 39 696
"1218" 0 0 3 1 2 39 697
"1219" 0 0 3 1 3 39 697
"1220" 0 0 3 1 4 39 697
"1221" 0 0 4 1 3 39 698
"1222" 1 1 1.08943089430894 2 2 39 927
"1223" 0 3 3.08943089430894 1 2 39 928
"1224" 1 0 3 5 2 40 699
"1225" NA 0.666666666666667 3 1 3 40 699
"1226" 1 2 3 7 3 40 699
"1227" 0 0 3 5 4 40 699
"1228" NA 0 1.02362204724409 1 2 40 700
"1229" 0 0 1.02362204724409 2 2 40 700
"1230" 0 1 3.02362204724409 1 3 40 701
"1231" NA 0.550960292211618 3.02362204724409 4 2 40 702
"1232" 0 0.0681818181818182 1.02362204724409 1 4 40 703
"1233" 1 1 4 4 3 40 704
"1234" 0 0 2.02362204724409 4 2 40 705
"1235" 0 0 3.02362204724409 4 2 40 706
"1236" 0 0 1.02362204724409 5 3 40 707
"1237" 0 0 4.02362204724409 5 3 40 707
"1238" 0 0.227602108036891 4.02362204724409 1 2 40 708
"1239" 0 1 4 5 3 40 709
"1240" 0 1 2 5 2 40 709
"1241" NA 0.619142110393436 2.02362204724409 4 3.28688524590164 40 710
"1242" 1 0 3 4 7 40 711
"1243" 0 0 4 5 7 40 711
"1244" 1 3 3 1 7 40 711
"1245" 0 0 4 4 7 40 711
"1246" NA 1.61914211039344 4.02362204724409 4 3 40 712
"1247" 1 0 2.02362204724409 4 4 40 713
"1248" 0 0 3 7 7 40 714
"1249" 0 0 5 1 7 40 714
"1250" 1 3 3 5 7 40 714
"1251" NA 1 5 1 3 40 714
"1252" 0 4 3 4 5 40 715
"1253" NA 0.550960292211618 3.02362204724409 4 5 40 716
"1254" NA 0.550960292211618 3.02362204724409 1 2 40 717
"1255" NA 0.550960292211618 4.02362204724409 1 2 40 717
"1256" 0 0 4 4 2 40 718
"1257" 0 0 3 5 4 40 719
"1258" 0 0 4 4 4 40 719
"1259" 0 0 3 1 4 40 719
"1260" NA 1.55096029221162 3.02362204724409 1 3 40 720
"1261" 1 2 3 4 5 40 721
"1262" 1 4 3 3 5 40 721
"1263" 0 2 5 3 5 40 721
"1264" 1 3 4.33333333333333 5 6 40 721
"1265" 0 0 1.10067114093960 2 2 41 722
"1266" 0 1 1.10067114093960 2 2 41 722
"1267" NA 1.71615234181792 1.10067114093960 5 2 41 723
"1268" 0 0 3 5 4 41 724
"1269" 0 0 1 5 3 41 724
"1270" 0 0 1 5 2 41 724
"1271" 0 0 2 2 2 41 725
"1272" 0 0 3.1006711409396 1 1 41 726
"1273" 0 1 1.10067114093960 2 2 41 727
"1274" 0 0 4 4 1 41 728
"1275" 0 0 2 4 3 41 728
"1276" 0 0 3 4 5 41 729
"1277" 1 0 3.1006711409396 1 3 41 730
"1278" 0 1 3 4 6 41 731
"1279" 0 2 3 5 3 41 732
"1280" 0 2 3 4 3 41 732
"1281" 0 4.5 4 4 4 41 732
"1282" NA 0 2 1 3 42 733
"1283" 0 0 3 5 4 42 733
"1284" 0 0 2 5 4 42 734
"1285" 0 0.0298507462686567 2.1328125 1 2 42 735
"1286" 0 0 1.1328125 4 2 42 736
"1287" 0 0.193548387096774 2.1328125 5 2 42 737
"1288" 1 0 1.1328125 5 2 42 738
"1289" 0 2 5 4 3 42 739
"1290" 0 0.5 4 1 3 42 739
"1291" 0 4 4 3 3 42 739
"1292" NA 2 2 5 7 42 740
"1293" 0 0 2 4 7 42 740
"1294" NA 2 1 1 7 42 740
"1295" 0 4 3 5 7 42 740
"1296" 0 0 4 4 1 42 741
"1297" NA 0.802109249749708 4.1328125 4 3 42 742
"1298" 0 1 4 2 8 42 743
"1299" 0 1 3 2 8 42 743
"1300" 0 0 3 2 8 42 743
"1301" 0 0 5 1 8 42 743
"1302" 1 1 4 4 7 42 744
"1303" 0 0 4 4 7 42 744
"1304" 0 1 3 1 7 42 744
"1305" 0 4 3 1 7 42 744
"1306" 0 0 1.10958904109589 1 2 43 745
"1307" 0 0 1.10958904109589 1 3 43 746
"1308" 0 0 1.10958904109589 1 3 43 746
"1309" 0 0 3.10958904109589 1 2 43 747
"1310" 0 0 1.10958904109589 1 3 43 747
"1311" 0 0 2 1 2 43 748
"1312" NA 0 1 1 2 43 748
"1313" 0 0 2 1 1 43 749
"1314" 0 0 2 1 2 43 749
"1315" 0 0 2 1 4 43 749
"1316" 0 0 3 1 6 43 750
"1317" 1 0.0224719101123596 1.10958904109589 1 2 43 751
"1318" 0 0 1.10958904109589 3 2 43 752
"1319" NA 0 3.10958904109589 3 3 43 752
"1320" 0 0 1.10958904109589 2 2 43 752
"1321" 0 0 3.10958904109589 2 3 43 752
"1322" 0 1 3 1 3 43 753
"1323" 0 1 2 1 2 43 754
"1324" 0 2 2 1 3 43 754
"1325" 1 2 2 4 3 43 755
"1326" NA 2 3 4 4 43 755
"1327" 0 0 4 1 3 43 756
"1328" 0 0 2 1 2 43 756
"1329" 0 0 3 1 3 43 756
"1330" 0 0.0224719101123596 6 3 3 43 757
"1331" 0 0 2 1 2 43 758
"1332" 0 0 2 4 3 43 758
"1333" 0 0 3 4 4 43 758
"1334" 0 0 1.05263157894737 1 2 44 759
"1335" 0 0 1.05263157894737 1 2 44 759
"1336" NA 0.575758440680861 1.05263157894737 1 2 44 760
"1337" 0 0 1.05263157894737 1 3 44 761
"1338" 0 1 2.05263157894737 3 2 44 761
"1339" 0 1 1 5 3 44 762
"1340" 0 1 1 1 3 44 762
"1341" 0 0 1 1 3 44 762
"1342" 0 0 4 1 2 44 762
"1343" 0 0 1 1 2 44 763
"1344" 0 0 2 1 4 44 763
"1345" 0 0 1.05263157894737 1 6 44 764
"1346" 0 1 3 1 4 44 765
"1347" 0 3 1 5 4 44 765
"1348" 0 0 1 1 3 44 766
"1349" 0 0 2 5 4 44 766
"1350" 0 0 5 3 6 44 767
"1351" 1 1 1 1 6 44 767
"1352" 0 0 3 1 6 44 767
"1353" 0 0 1 1 6 44 767
"1354" 0 0 3 1 7 44 768
"1355" 0 1 1 1 7 44 768
"1356" 0 0 1 1 7 44 768
"1357" NA 0.333333333333333 2 5 7 44 768
"1358" NA 0.605047143609731 1.05263157894737 1 5 44 769
"1359" 0 3 5 4 2 44 770
"1360" 0 1 3 1 2 44 770
"1361" 0 2 3 1 7 44 771
"1362" 0 0 3 7 7 44 771
"1363" NA 0 1 1 2 44 772
"1364" 0 0 3 1 2 44 772
"1365" NA 0 1 1 2 44 772
"1366" NA 1.57575844068086 2.05263157894737 1 7 44 773
"1367" 0 0 4 5 9 44 774
"1368" 0 0 2 5 9 44 774
"1369" 1 0 2 7 9 44 774
"1370" 0 0 2 1 9 44 774
"1371" 0 0 3 1 7 44 775
"1372" 0 0 5 1 7 44 775
"1373" 0 2 5 1 7 44 775
"1374" 1 0 4 1 7 44 775
"1375" 0 0 1.07368421052632 1 2 45 776
"1376" 0 0 1.07368421052632 1 2 45 776
"1377" 0 0 1.07368421052632 1 3 45 777
"1378" 0 1 1 3 2 45 778
"1379" 0 4 2 1 2 45 778
"1380" 0 0 2.07368421052632 1 7 45 779
"1381" 0 2 1.07368421052632 1 2 45 779
"1382" 0 0 2.07368421052632 1 2 45 779
"1383" 0 0 1.07368421052632 3 2 45 780
"1384" 0 1 1.07368421052632 1 2 45 781
"1385" NA 0.424225181429427 1.07368421052632 1 7 45 782
"1386" 0 0 1.07368421052632 1 2 45 783
"1387" 0 0 1.07368421052632 5 2 45 783
"1388" 0 0 1.07368421052632 1 2 45 784
"1389" NA 0 1.07368421052632 1 2 45 784
"1390" NA 0 1.07368421052632 1 2 45 784
"1391" 0 0 2 4 2 45 785
"1392" 0 0 2.07368421052632 5 2 45 786
"1393" 0 0.0226244343891403 1.07368421052632 5 2 45 787
"1394" 0 0 3 4 2 45 788
"1395" 0 0 2 5 2 45 788
"1396" 0 1 3.07368421052632 5 2 45 789
"1397" 0 0 4 1 2 45 790
"1398" 0 0 5 1 3 45 790
"1399" 0 1 6 1 7 45 791
"1400" 1 0 1.5 1 7 45 791
"1401" 0 3 1.5 1 7 45 791
"1402" 0 0 5 1 7 45 791
"1403" 0 5 4 4 3 45 792
"1404" 0 3 5 5 6 45 793
"1405" 0 2 3 5 6 45 793
"1406" 0 0 2 1 8 45 794
"1407" 0 0 2 1 8 45 794
"1408" NA 0 4 1 8 45 794
"1409" 0 0 4 1 8 45 794
"1410" 0 0 4 4 3 45 795
"1411" 0 1 2 4 3 45 795
"1412" 0 0 5 1 4 45 795
"1413" 0 0.0757029906524099 3 4 1 45 796
"1414" NA 0.446849615818567 2.07368421052632 5 2 45 797
"1415" 0 0 2 1 7 45 798
"1416" NA 0.424225181429427 2.07368421052632 1 3.30703624733476 45 799
"1417" 0 2 2 5 2 45 800
"1418" 0 2 3 5 3 45 800
"1419" 0 0 5 5 5 45 801
"1420" 1 2 4 5 6 45 802
"1421" 0 3 3 4 3 45 803
"1422" 0 1 3 1 5 45 804
"1423" 0 0 5 5 6 45 805
"1424" NA 0.424225181429427 2.07368421052632 1 4 45 806
"1425" 0 0 2.04918032786885 1 2 46 807
"1426" 0 0 2.04918032786885 1 2 46 807
"1427" 0 3 1.04918032786885 1 2 46 807
"1428" 0 0 2.04918032786885 1 2 46 807
"1429" 0 1.01181102362205 1.04918032786885 1 2 46 808
"1430" 0 1.01181102362205 2.04918032786885 4 2 46 808
"1431" 0 0 4 1 7 46 809
"1432" 0 1 3 1 2 46 810
"1433" 0 0 1 2 4 46 811
"1434" 1 1 3 1 4 46 811
"1435" NA 0.5 1 1 4 46 811
"1436" 1 0 1.04918032786885 1 4 46 812
"1437" 0 0 2.04918032786885 2 4 46 813
"1438" 0 3 3 2 3 46 814
"1439" 0 0 3 2 4 46 814
"1440" 0 0 3 2 4 46 814
"1441" 0 0 1 4 4 46 814
"1442" 0 0.0118110236220472 3 2 3 46 815
"1443" 0 0 2 1 4 46 816
"1444" 0 1 4 4 4 46 816
"1445" 0 1 1.04918032786885 3 5 46 817
"1446" 0 2 1.04918032786885 1 5 46 817
"1447" 0 2 1.04918032786885 4 5 46 817
"1448" 0 1 1.04918032786885 1 5 46 817
"1449" 0 0 3 2 4 46 818
"1450" 0 0 3 1 4 46 818
"1451" 0 1 5 7 4 46 818
"1452" 0 0 3 1 4 46 818
"1453" 0 3 2 2 3 46 819
"1454" 0 1 3 2 3 46 819
"1455" 0 1 4 4 3 46 820
"1456" 0 0 5 2 4 46 820
"1457" NA 1.66666666666667 4.33333333333333 4 4 46 820
"1458" 0 4 4 1 4 46 820
"1459" 0 1 2 1 3 46 821
"1460" 0 4.01181102362205 2 1 2 46 822
"1461" 0 0 3 1 2 46 823
"1462" 0 0 3 1 6 46 824
"1463" 1 1 7 2 3 46 825
"1464" NA 0 3.04918032786885 1 7 46 826
"1465" 1 0 5.04918032786885 1 7 46 826
"1466" 0 0 2.07339449541284 4 3 47 827
"1467" 1 1 1.07339449541284 1 2 47 828
"1468" 0 1 1.07339449541284 1 2 47 829
"1469" 0 0 1 2 2 47 830
"1470" 0 0 2 5 3 47 830
"1471" 1 3 2 2 2 47 831
"1472" 1 3 4 4 3 47 831
"1473" 1 1 3.07339449541284 5 2 47 832
"1474" 0 0 2.07339449541284 1 2 47 833
"1475" 0 0 1.07339449541284 3 2 47 834
"1476" 0 0 3 4 2 47 835
"1477" 0 1 1.07339449541284 5 2 47 836
"1478" NA 2.44574614747116 4.07339449541284 4 3 47 837
"1479" 0 0 3 1 2 47 838
"1480" 0 0 3 1 2 47 838
"1481" 1 0 3 1 2 47 838
"1482" 1 0 1 1 2 47 838
"1483" 1 8 2 5 2 47 839
"1484" 0 1 3 3 4 47 840
"1485" 0 1 3 1 4 47 840
"1486" 0 1 3 4 4 47 840
"1487" 0 1 3 5 4 47 840
"1488" 0 0 2.01587301587302 1 2 48 841
"1489" 0 1 1.01587301587302 3 2 48 842
"1490" 0 1 1 5 3 48 843
"1491" 0 0 3 5 3 48 843
"1492" 0 0 2 5 3 48 844
"1493" 0 0 2 1 3 48 845
"1494" 0 0 3 1 2 48 845
"1495" 0 0 1.01587301587302 1 2 48 846
"1496" 0 0 1.01587301587302 3 2 48 847
"1497" 0 0 3.01587301587302 1 2 48 848
"1498" 0 0 2 4 3 48 849
"1499" 0 0 3 2 5 48 850
"1500" 0 0 3 5 5 48 850
"1501" 0 1 3 2 5 48 850
"1502" 0 2 3 3 5 48 850
"1503" 0 0 3 4 4 48 851
"1504" 0 3.02843601895735 1 1 2 49 852
"1505" NA 1.39064704573787 1 1 2 49 853
"1506" 0 4 1 1 3 49 854
"1507" 0 1 2 1 2 49 854
"1508" 0 0 1 5 2 49 855
"1509" 0 0 2 5 2 49 855
"1510" 0 0 1 1 2 49 855
"1511" NA 0.390647045737867 1 5 2 49 856
"1512" 0 0 1 2 2 49 857
"1513" 0 1 1 1 2 49 858
"1514" 0 0.0284360189573460 1 5 2 49 859
"1515" NA 0.0284360189573460 3 5 3 49 859
"1516" 0 0 2 5 3 49 860
"1517" 0 0 1 1 2 49 861
"1518" 0 0 1 4 2 49 861
"1519" 0 1 1 5 2 49 861
"1520" 0 0 1 1 2 49 861
"1521" 0 1.01449275362319 3 1 2 49 862
"1522" 0 1 3 1 3 49 863
"1523" 0 0 1 5 2 49 864
"1524" 0 0 3 5 2 49 865
"1525" NA 0.362211026780521 3 4 2 49 866
"1526" NA 0.362211026780521 2 4 3 49 866
"1527" 0 0 2 1 3 49 867
"1528" 0 0 2 1 3 49 867
"1529" NA 0 1 1 2 49 867
"1530" 0 0 2 5 3 49 868
"1531" 0 0 1.06153846153846 2 2 50 869
"1532" 0 0 1.06153846153846 2 2 50 869
"1533" 0 0 1.06153846153846 2 2 50 869
"1534" 0 0 1.06153846153846 5 2 50 869
"1535" 0 0 1 2 2 50 870
"1536" 0 0 2 2 3 50 870
"1537" 0 0 1.06153846153846 2 2 50 871
"1538" 0 0 3 2 3 50 872
"1539" 0 1 2.06153846153846 2 2 50 873
"1540" 0 1 4 2 2 50 874
"1541" 0 1 3 2 3 50 874
"1542" 0 1 1.06153846153846 2 3 50 875
"1543" 0 1 1.06153846153846 2 2 50 876
"1544" 0 1 3 2 2 50 877
"1545" 0 0 2 2 3 50 877
"1546" 0 0 1 2 2 50 878
"1547" 0 1 2 2 3 50 878
"1548" 0 0 1.06153846153846 2 2 50 879
"1549" 0 0 1.06153846153846 5 2 50 879
"1550" 0 0 1.06153846153846 2 2 50 879
"1551" 0 1 1.06153846153846 7 3 50 880
"1552" 0 1 2.06153846153846 6 2 50 881
"1553" 0 0.0135135135135135 3.06153846153846 2 2 50 882
"1554" 0 0.0135135135135135 2.06153846153846 2 2 50 882
"1555" 0 0 1.06153846153846 5 2 50 883
"1556" 0 0 1.06153846153846 5 2 50 883
"1557" 0 1.01351351351351 2 2 3 50 884
"1558" 0 1.01351351351351 4.06153846153846 2 3 50 885
"1559" 0 1 2.06153846153846 2 2 50 886
"1560" 0 1 1.06153846153846 2 2 50 887
"1561" 0 1 1.06153846153846 2 2 50 888
"1562" 0 0 3 2 7 50 889
"1563" 0 0 2 2 7 50 889
"1564" 0 0 3 1 7 50 889
"1565" NA 0 1 1 7 50 889
"1566" 1 0 1.06153846153846 2 7 50 890
"1567" 0 0 2.06153846153846 2 7 50 890
"1568" NA 0.528703928903224 2.30153846153846 2 5 50 891
"1569" 0 1 4 2 2 50 892
"1570" 0 0 3 4 2 50 893
"1571" 1 1 3 5 2 50 893
"1572" 1 2 3 5 2 50 893
"1573" 0 1 4 1 2 50 894
"1574" 0 0 4 4 2 50 894
"1575" 0 0 6 4 2 50 894
"1576" 0 0 4 4 5 50 895
"1577" 1 2 3 2 6 50 895
"1578" 1 5 4 4 3 50 896
"1579" 0 1 6 4 3 50 896
"1580" 1 5 5 4 3 50 896
"1581" 0 1 5 4 3 50 896
"1582" 0 0 1.07042253521127 1 3 51 897
"1583" 0 0 3.07042253521127 1 2 51 898
"1584" 0 0.00398406374501992 1.07042253521127 2 3 51 899
"1585" 0 0 1.07042253521127 3 3 51 900
"1586" 0 0 1.07042253521127 1 2 51 901
"1587" 0 0 2.07042253521127 1 2 51 901
"1588" NA 0 2.07042253521127 4 2 51 901
"1589" 0 0 1.07042253521127 1 2 51 901
"1590" 0 1 3 2 2 51 902
"1591" 0 0 1.07042253521127 1 2 51 903
"1592" 0 0 3.07042253521127 1 2 51 904
"1593" 0 1 1.07042253521127 5 2 51 905
"1594" 1 2 1.07042253521127 2 2 51 906
"1595" 0 0.00398406374501992 1.07042253521127 2 2 51 907
"1596" 0 2 1.07042253521127 4 2 51 908
"1597" 0 0 1.07042253521127 2 2 51 908
"1598" 0 0 1 2 2 51 909
"1599" 0 0 2 2 3 51 909
"1600" 0 0 1.07042253521127 2 2 51 910
"1601" 0 0 1 2 2 51 911
"1602" 0 1 2 2 3 51 911
"1603" 0 0 1 1 2 51 911
"1604" 0 0 1 1 3 51 911
"1605" 0 0 2 1 3 51 912
"1606" 0 0 2 1 3 51 912
"1607" 0 0 1.07042253521127 1 2 51 913
"1608" 1 0 3 4 2 51 914
"1609" 0 1 4 5 1 51 915
"1610" 0 1 1.16129032258065 1 2 52 916
"1611" 0 0 1.16129032258065 1 2 52 917
"1612" 0 0 1.16129032258065 1 2 52 917
"1613" 0 0 2.16129032258065 1 2 52 917
"1614" 0 0 3.16129032258065 1 2 52 917
"1615" 0 0 1.16129032258065 1 2 52 918
"1616" 0 0 1.16129032258065 1 2 52 918
"1617" 0 0 1.16129032258065 1 2 52 919
"1618" 0 0 1.16129032258065 1 2 52 919
"1619" 1 0 2.16129032258065 1 2 52 919
"1620" 1 0 1.16129032258065 1 2 52 919
"1621" 0 0 1.16129032258065 5 2 52 920
"1622" 0 0 2.16129032258065 2 2 52 921
"1623" 1 0 3 2 1 52 922
"1624" 1 0 3 1 2 52 922
"1625" 1 0 3 2 3 52 922
"1626" 1 1 3 2 2 52 923
"1627" 0 0.0256410256410256 2 1 2 52 924
"1628" 0 3 5 3 8 52 925
"1629" 0 0 4 1 8 52 926
"1630" 0 0 5 3 8 52 926
"1631" 0 0.0390625 1.33018867924528 1 2 53 929
"1632" 1 0 1.33018867924528 3 2 53 930
"1633" 0 0 1.33018867924528 1 2 53 931
"1634" 0 0 1.33018867924528 1 2 53 932
"1635" 0 0 1.33018867924528 1 2 53 932
"1636" 0 0 1.33018867924528 1 2 53 932
"1637" NA 0.782672441885804 1.33018867924528 1 2 53 933
"1638" 1 0 1.33018867924528 1 3 53 934
"1639" 1 0 5 2 2 53 935
"1640" 0 0.127865588803089 1.33018867924528 1 2 53 936
"1641" 0 0 2.33018867924528 1 2 53 937
"1642" 0 0 1.33018867924528 1 2 53 938
"1643" 0 0.0888030888030888 2.33018867924528 1 3 53 939
"1644" 0 0 3.33018867924528 1 2 53 940
"1645" 0 0 2.33018867924528 1 2 53 940
"1646" 0 0 3 3 2 53 941
"1647" 1 0 2 2 3 53 941
"1648" 0 0 1.33018867924528 1 2 53 942
"1649" NA 1.78267244188580 1.33018867924528 6 2 53 943
"1650" NA 0.693869353082715 2.33018867924528 2 2 53 944
"1651" 0 0 3 4 2 53 945
"1652" 0 0 4 2 3 53 945
"1653" 0 0 3 1 2 53 946
"1654" 1 5 4 5 3 53 947
"1655" NA 2.69386935308272 2.33018867924528 1 2 53 948
"1656" 0 3 2.33018867924528 1 2 53 949
"1657" 0 0 1.33018867924528 1 2 53 950
"1658" NA 0.782672441885804 4.33018867924528 1 7 53 951
"1659" 1 3 5 1 2 53 952
"1660" 1 6 5 2 6 53 953
"1661" 1 5 6 2 2 53 954
"1662" NA 2.5 7.5 2 2 53 954
"1663" 0 0 7 7 2 53 954
"1664" 0 5 3 2 3 53 955
"1665" NA 0 6 2 3 53 956
"1666" 0 0 6 1 4 53 956
"1667" NA 0.693869353082715 4 1 2 53 999
"1668" 0 0.00892857142857143 1.06756756756757 1 2 54 957
"1669" 0 0.00892857142857143 1.06756756756757 5 2 54 958
"1670" 0 0 1.06756756756757 1 2 54 959
"1671" 0 0 1.06756756756757 1 2 54 960
"1672" 0 0 1.06756756756757 1 2 54 960
"1673" 0 0 1.06756756756757 1 2 54 960
"1674" 0 0 1.06756756756757 1 2 54 960
"1675" 0 0 1.06756756756757 5 2.45228215767635 54 961
"1676" 0 0 1.06756756756757 1 2 54 962
"1677" 0 0 1.06756756756757 1 2 54 962
"1678" 0 0 2 1 3 54 963
"1679" 0 0 1.06756756756757 1 2 54 964
"1680" 0 0 2.06756756756757 1 2 54 965
"1681" 0 0 1.06756756756757 1 2 54 965
"1682" 0 0 2 1 2 54 966
"1683" 0 0 1 1 3 54 966
"1684" 0 0 1.06756756756757 1 3 54 967
"1685" 0 0 1.06756756756757 1 2 54 967
"1686" NA 0 1.06756756756757 1 2 54 967
"1687" 0 0 1 1 3 54 968
"1688" 0 0 2 1 2 54 968
"1689" 0 0 1 1 3 54 968
"1690" 0 0 2 3 2 54 969
"1691" 0 0 1 1 2 54 969
"1692" NA 0.166769523582830 2.06756756756757 1 2.45228215767635 54 970
"1693" 0 0 3 1 3 54 971
"1694" 0 0 4 4 5 54 972
"1695" 0 0 1 1 2 55 973
"1696" 0 0 1 1 2 55 973
"1697" 0 0 3 1 2 55 973
"1698" 0 0 1 1 3 55 973
"1699" 0 0 1.02985074626866 1 2 55 974
"1700" 0 0 1.02985074626866 5 2 55 974
"1701" 0 0 2.02985074626866 1 2 55 975
"1702" 0 0 1.02985074626866 1 2 55 975
"1703" NA 0 1.02985074626866 1 2 55 975
"1704" 0 0 2.02985074626866 1 2 55 975
"1705" NA 0 1.02985074626866 1 2 55 976
"1706" 0 0 1.02985074626866 1 2 55 976
"1707" 0 0 1.02985074626866 1 3 55 976
"1708" 0 0 1.02985074626866 1 2 55 976
"1709" 0 0 1.02985074626866 1 2 55 977
"1710" 0 0 3.02985074626866 1 2 55 978
"1711" 0 0 1 1 3 55 979
"1712" 0 0 2 1 2 55 979
"1713" 0 0 3.02985074626866 1 2 55 980
"1714" 0 0 1.02985074626866 1 2 55 981
"1715" 0 0 2 1 3 55 982
"1716" 0 0 1.02985074626866 1 2 55 983
"1717" 0 0 1.02985074626866 1 2 55 983
"1718" NA 0 1.02985074626866 1 2 55 983
"1719" 0 0 1.02985074626866 1 2 55 983
"1720" 0 0 1.02985074626866 1 2 55 984
"1721" 0 0 1.02985074626866 1 2 55 984
"1722" 0 0 3 1 3 55 985
"1723" 0 0 5 1 3 55 985
"1724" 0 0 3 1 1 55 985
"1725" 0 0 3 1 1 55 985
"1726" 0 0 1 1 2 55 986
"1727" 0 0 2 1 2 55 986
"1728" 0 0 2 1 3 55 987
"1729" 0 0 3 1 2 55 987
"1730" 0 0 1.02985074626866 1 3 55 988
"1731" 0 0 4 1 2 55 989
"1732" NA 0 1 1 2 55 989
"1733" NA 0 3 1 3 55 989
"1734" 0 0 1 1 2 55 990
"1735" 0 0 4 1 2 55 990
"1736" 0 0 1.02985074626866 1 3 55 991
"1737" 0 0 3 1 2 55 992
"1738" 0 0 2 1 3 55 992
"1739" 0 0 1.02985074626866 1 3 55 993
"1740" 0 3 1.02985074626866 1 2 55 994
"1741" 0 0 1 1 2 55 995
"1742" 0 0 2 1 2 55 995
"1743" 0 0 1.02985074626866 1 2 55 996
"1744" 0 1 1.02985074626866 1 2 55 996
"1745" 0 0 1.02985074626866 1 2 55 997
"1746" 0 4 2 1 2 55 998
"1747" 0 0 3 1 2 55 1000
