"daughter_height" "mother_height"
52.5 59.5
52.5 59.5
53.5 59.5
53.5 59.5
55.5 59.5
55.5 59.5
55.5 59.5
55.5 59.5
56.5 58.5
56.5 58.5
56.5 58.5
56.5 58.5
56.5 59.5
56.5 60.5
56.5 60.5
56.5 60.5
56.5 60.5
56.5 60.5
56.5 60.5
56.5 61.5
56.5 61.5
56.5 61.5
56.5 61.5
56.5 61.5
56.5 62.5
56.5 63.5
57.5 55.5
57.5 55.5
57.5 55.5
57.5 55.5
57.5 55.5
57.5 55.5
57.5 56.5
57.5 56.5
57.5 56.5
57.5 56.5
57.5 56.5
57.5 57.5
57.5 57.5
57.5 57.5
57.5 57.5
57.5 57.5
57.5 57.5
57.5 58.5
57.5 58.5
57.5 58.5
57.5 58.5
57.5 58.5
57.5 59.5
57.5 59.5
57.5 59.5
57.5 59.5
57.5 59.5
57.5 59.5
57.5 60.5
57.5 60.5
57.5 60.5
57.5 60.5
57.5 60.5
57.5 60.5
57.5 60.5
57.5 60.5
57.5 60.5
57.5 60.5
57.5 60.5
57.5 60.5
57.5 60.5
57.5 61.5
57.5 61.5
57.5 61.5
57.5 61.5
57.5 61.5
57.5 62.5
57.5 62.5
57.5 62.5
57.5 62.5
57.5 62.5
57.5 63.5
57.5 63.5
57.5 63.5
57.5 64.5
57.5 64.5
57.5 64.5
57.5 64.5
58.5 55.5
58.5 55.5
58.5 56.5
58.5 56.5
58.5 56.5
58.5 56.5
58.5 56.5
58.5 56.5
58.5 56.5
58.5 56.5
58.5 56.5
58.5 57.5
58.5 57.5
58.5 57.5
58.5 57.5
58.5 57.5
58.5 57.5
58.5 58.5
58.5 58.5
58.5 58.5
58.5 58.5
58.5 58.5
58.5 58.5
58.5 58.5
58.5 58.5
58.5 58.5
58.5 59.5
58.5 59.5
58.5 59.5
58.5 59.5
58.5 59.5
58.5 59.5
58.5 59.5
58.5 59.5
58.5 59.5
58.5 59.5
58.5 59.5
58.5 59.5
58.5 59.5
58.5 59.5
58.5 59.5
58.5 59.5
58.5 59.5
58.5 59.5
58.5 59.5
58.5 60.5
58.5 60.5
58.5 60.5
58.5 60.5
58.5 60.5
58.5 60.5
58.5 60.5
58.5 60.5
58.5 60.5
58.5 60.5
58.5 61.5
58.5 62.5
58.5 62.5
58.5 65.5
58.5 66.5
58.5 66.5
58.5 66.5
59.5 57.5
59.5 57.5
59.5 57.5
59.5 57.5
59.5 57.5
59.5 57.5
59.5 57.5
59.5 57.5
59.5 57.5
59.5 57.5
59.5 57.5
59.5 57.5
59.5 57.5
59.5 57.5
59.5 58.5
59.5 58.5
59.5 58.5
59.5 58.5
59.5 58.5
59.5 58.5
59.5 58.5
59.5 58.5
59.5 58.5
59.5 58.5
59.5 58.5
59.5 58.5
59.5 58.5
59.5 58.5
59.5 58.5
59.5 58.5
59.5 58.5
59.5 58.5
59.5 58.5
59.5 58.5
59.5 58.5
59.5 58.5
59.5 58.5
59.5 59.5
59.5 59.5
59.5 59.5
59.5 59.5
59.5 59.5
59.5 59.5
59.5 59.5
59.5 59.5
59.5 59.5
59.5 59.5
59.5 59.5
59.5 59.5
59.5 59.5
59.5 59.5
59.5 59.5
59.5 59.5
59.5 59.5
59.5 59.5
59.5 59.5
59.5 59.5
59.5 59.5
59.5 59.5
59.5 59.5
59.5 59.5
59.5 59.5
59.5 59.5
59.5 59.5
59.5 59.5
59.5 59.5
59.5 59.5
59.5 59.5
59.5 59.5
59.5 59.5
59.5 59.5
59.5 59.5
59.5 59.5
59.5 59.5
59.5 59.5
59.5 59.5
59.5 59.5
59.5 59.5
59.5 59.5
59.5 59.5
59.5 59.5
59.5 59.5
59.5 59.5
59.5 59.5
59.5 59.5
59.5 60.5
59.5 60.5
59.5 60.5
59.5 60.5
59.5 60.5
59.5 60.5
59.5 60.5
59.5 60.5
59.5 60.5
59.5 60.5
59.5 60.5
59.5 60.5
59.5 60.5
59.5 60.5
59.5 60.5
59.5 60.5
59.5 60.5
59.5 60.5
59.5 60.5
59.5 60.5
59.5 60.5
59.5 60.5
59.5 60.5
59.5 60.5
59.5 60.5
59.5 60.5
59.5 60.5
59.5 60.5
59.5 60.5
59.5 60.5
59.5 60.5
59.5 60.5
59.5 60.5
59.5 60.5
59.5 60.5
59.5 60.5
59.5 60.5
59.5 60.5
59.5 60.5
59.5 60.5
59.5 60.5
59.5 60.5
59.5 60.5
59.5 60.5
59.5 60.5
59.5 61.5
59.5 61.5
59.5 61.5
59.5 61.5
59.5 61.5
59.5 61.5
59.5 61.5
59.5 61.5
59.5 61.5
59.5 61.5
59.5 61.5
59.5 61.5
59.5 61.5
59.5 61.5
59.5 61.5
59.5 61.5
59.5 61.5
59.5 61.5
59.5 61.5
59.5 61.5
59.5 61.5
59.5 61.5
59.5 61.5
59.5 61.5
59.5 61.5
59.5 61.5
59.5 61.5
59.5 61.5
59.5 61.5
59.5 61.5
59.5 61.5
59.5 61.5
59.5 61.5
59.5 61.5
59.5 61.5
59.5 61.5
59.5 61.5
59.5 62.5
59.5 62.5
59.5 62.5
59.5 62.5
59.5 62.5
59.5 62.5
59.5 62.5
59.5 62.5
59.5 62.5
59.5 62.5
59.5 62.5
59.5 62.5
59.5 63.5
59.5 63.5
59.5 63.5
59.5 63.5
59.5 63.5
59.5 63.5
59.5 64.5
59.5 64.5
59.5 64.5
59.5 65.5
59.5 66.5
59.5 66.5
59.5 66.5
59.5 66.5
59.5 66.5
60.5 52.5
60.5 53.5
60.5 56.5
60.5 56.5
60.5 56.5
60.5 56.5
60.5 56.5
60.5 56.5
60.5 56.5
60.5 56.5
60.5 56.5
60.5 56.5
60.5 56.5
60.5 57.5
60.5 57.5
60.5 57.5
60.5 57.5
60.5 57.5
60.5 57.5
60.5 57.5
60.5 57.5
60.5 57.5
60.5 57.5
60.5 57.5
60.5 57.5
60.5 57.5
60.5 57.5
60.5 57.5
60.5 57.5
60.5 57.5
60.5 57.5
60.5 57.5
60.5 58.5
60.5 58.5
60.5 58.5
60.5 58.5
60.5 58.5
60.5 58.5
60.5 58.5
60.5 58.5
60.5 58.5
60.5 58.5
60.5 58.5
60.5 58.5
60.5 58.5
60.5 58.5
60.5 58.5
60.5 58.5
60.5 58.5
60.5 58.5
60.5 58.5
60.5 58.5
60.5 58.5
60.5 58.5
60.5 58.5
60.5 58.5
60.5 58.5
60.5 58.5
60.5 58.5
60.5 58.5
60.5 58.5
60.5 58.5
60.5 58.5
60.5 58.5
60.5 58.5
60.5 58.5
60.5 58.5
60.5 58.5
60.5 58.5
60.5 59.5
60.5 59.5
60.5 59.5
60.5 59.5
60.5 59.5
60.5 59.5
60.5 59.5
60.5 59.5
60.5 59.5
60.5 59.5
60.5 59.5
60.5 59.5
60.5 59.5
60.5 59.5
60.5 59.5
60.5 59.5
60.5 59.5
60.5 59.5
60.5 59.5
60.5 59.5
60.5 59.5
60.5 59.5
60.5 59.5
60.5 59.5
60.5 59.5
60.5 59.5
60.5 59.5
60.5 59.5
60.5 59.5
60.5 59.5
60.5 59.5
60.5 59.5
60.5 59.5
60.5 59.5
60.5 59.5
60.5 59.5
60.5 59.5
60.5 59.5
60.5 59.5
60.5 59.5
60.5 59.5
60.5 59.5
60.5 59.5
60.5 59.5
60.5 59.5
60.5 59.5
60.5 59.5
60.5 59.5
60.5 59.5
60.5 59.5
60.5 59.5
60.5 59.5
60.5 59.5
60.5 59.5
60.5 59.5
60.5 59.5
60.5 59.5
60.5 59.5
60.5 59.5
60.5 59.5
60.5 60.5
60.5 60.5
60.5 60.5
60.5 60.5
60.5 60.5
60.5 60.5
60.5 60.5
60.5 60.5
60.5 60.5
60.5 60.5
60.5 60.5
60.5 60.5
60.5 60.5
60.5 60.5
60.5 60.5
60.5 60.5
60.5 60.5
60.5 60.5
60.5 60.5
60.5 60.5
60.5 60.5
60.5 60.5
60.5 60.5
60.5 60.5
60.5 60.5
60.5 60.5
60.5 60.5
60.5 60.5
60.5 60.5
60.5 60.5
60.5 60.5
60.5 60.5
60.5 60.5
60.5 60.5
60.5 60.5
60.5 60.5
60.5 60.5
60.5 60.5
60.5 60.5
60.5 60.5
60.5 60.5
60.5 60.5
60.5 60.5
60.5 60.5
60.5 60.5
60.5 60.5
60.5 60.5
60.5 60.5
60.5 60.5
60.5 60.5
60.5 60.5
60.5 60.5
60.5 60.5
60.5 60.5
60.5 60.5
60.5 60.5
60.5 60.5
60.5 60.5
60.5 60.5
60.5 60.5
60.5 60.5
60.5 60.5
60.5 60.5
60.5 60.5
60.5 60.5
60.5 60.5
60.5 60.5
60.5 60.5
60.5 60.5
60.5 60.5
60.5 60.5
60.5 60.5
60.5 60.5
60.5 60.5
60.5 60.5
60.5 60.5
60.5 60.5
60.5 60.5
60.5 61.5
60.5 61.5
60.5 61.5
60.5 61.5
60.5 61.5
60.5 61.5
60.5 61.5
60.5 61.5
60.5 61.5
60.5 61.5
60.5 61.5
60.5 61.5
60.5 61.5
60.5 61.5
60.5 61.5
60.5 61.5
60.5 61.5
60.5 61.5
60.5 61.5
60.5 61.5
60.5 61.5
60.5 61.5
60.5 61.5
60.5 61.5
60.5 61.5
60.5 61.5
60.5 61.5
60.5 61.5
60.5 61.5
60.5 61.5
60.5 61.5
60.5 61.5
60.5 61.5
60.5 61.5
60.5 61.5
60.5 61.5
60.5 61.5
60.5 61.5
60.5 61.5
60.5 61.5
60.5 61.5
60.5 61.5
60.5 61.5
60.5 61.5
60.5 61.5
60.5 61.5
60.5 61.5
60.5 61.5
60.5 61.5
60.5 61.5
60.5 61.5
60.5 61.5
60.5 61.5
60.5 61.5
60.5 61.5
60.5 61.5
60.5 61.5
60.5 61.5
60.5 61.5
60.5 61.5
60.5 61.5
60.5 61.5
60.5 61.5
60.5 62.5
60.5 62.5
60.5 62.5
60.5 62.5
60.5 62.5
60.5 62.5
60.5 62.5
60.5 62.5
60.5 62.5
60.5 62.5
60.5 62.5
60.5 62.5
60.5 62.5
60.5 62.5
60.5 62.5
60.5 62.5
60.5 62.5
60.5 62.5
60.5 62.5
60.5 62.5
60.5 62.5
60.5 62.5
60.5 62.5
60.5 62.5
60.5 62.5
60.5 62.5
60.5 62.5
60.5 62.5
60.5 62.5
60.5 62.5
60.5 62.5
60.5 62.5
60.5 62.5
60.5 62.5
60.5 62.5
60.5 62.5
60.5 62.5
60.5 62.5
60.5 62.5
60.5 62.5
60.5 62.5
60.5 62.5
60.5 62.5
60.5 62.5
60.5 62.5
60.5 62.5
60.5 62.5
60.5 62.5
60.5 62.5
60.5 62.5
60.5 62.5
60.5 62.5
60.5 62.5
60.5 62.5
60.5 62.5
60.5 62.5
60.5 62.5
60.5 62.5
60.5 62.5
60.5 62.5
60.5 62.5
60.5 62.5
60.5 62.5
60.5 62.5
60.5 62.5
60.5 62.5
60.5 62.5
60.5 62.5
60.5 63.5
60.5 63.5
60.5 63.5
60.5 63.5
60.5 63.5
60.5 63.5
60.5 63.5
60.5 63.5
60.5 63.5
60.5 63.5
60.5 63.5
60.5 63.5
60.5 63.5
60.5 63.5
60.5 63.5
60.5 63.5
60.5 63.5
60.5 63.5
60.5 63.5
60.5 63.5
60.5 63.5
60.5 63.5
60.5 63.5
60.5 63.5
60.5 63.5
60.5 63.5
60.5 63.5
60.5 63.5
60.5 63.5
60.5 63.5
60.5 63.5
60.5 64.5
60.5 64.5
60.5 64.5
60.5 64.5
60.5 64.5
60.5 64.5
60.5 64.5
60.5 64.5
60.5 64.5
60.5 64.5
60.5 64.5
60.5 64.5
60.5 64.5
60.5 65.5
60.5 65.5
60.5 65.5
60.5 65.5
60.5 65.5
60.5 65.5
60.5 65.5
60.5 66.5
60.5 66.5
60.5 66.5
60.5 66.5
60.5 66.5
60.5 66.5
60.5 67.5
60.5 68.5
60.5 68.5
60.5 68.5
60.5 68.5
61.5 52.5
61.5 53.5
61.5 54.5
61.5 55.5
61.5 56.5
61.5 56.5
61.5 56.5
61.5 57.5
61.5 57.5
61.5 57.5
61.5 57.5
61.5 57.5
61.5 57.5
61.5 57.5
61.5 57.5
61.5 58.5
61.5 58.5
61.5 58.5
61.5 58.5
61.5 58.5
61.5 58.5
61.5 58.5
61.5 58.5
61.5 58.5
61.5 58.5
61.5 58.5
61.5 58.5
61.5 58.5
61.5 58.5
61.5 58.5
61.5 58.5
61.5 58.5
61.5 58.5
61.5 58.5
61.5 58.5
61.5 58.5
61.5 58.5
61.5 58.5
61.5 58.5
61.5 58.5
61.5 58.5
61.5 58.5
61.5 58.5
61.5 58.5
61.5 58.5
61.5 58.5
61.5 58.5
61.5 59.5
61.5 59.5
61.5 59.5
61.5 59.5
61.5 59.5
61.5 59.5
61.5 59.5
61.5 59.5
61.5 59.5
61.5 59.5
61.5 59.5
61.5 59.5
61.5 59.5
61.5 59.5
61.5 59.5
61.5 59.5
61.5 59.5
61.5 59.5
61.5 59.5
61.5 59.5
61.5 59.5
61.5 59.5
61.5 59.5
61.5 59.5
61.5 59.5
61.5 59.5
61.5 59.5
61.5 59.5
61.5 59.5
61.5 59.5
61.5 59.5
61.5 59.5
61.5 59.5
61.5 59.5
61.5 59.5
61.5 59.5
61.5 59.5
61.5 59.5
61.5 59.5
61.5 59.5
61.5 59.5
61.5 59.5
61.5 59.5
61.5 59.5
61.5 59.5
61.5 59.5
61.5 59.5
61.5 59.5
61.5 59.5
61.5 59.5
61.5 59.5
61.5 59.5
61.5 59.5
61.5 59.5
61.5 59.5
61.5 59.5
61.5 59.5
61.5 59.5
61.5 59.5
61.5 59.5
61.5 59.5
61.5 59.5
61.5 59.5
61.5 59.5
61.5 59.5
61.5 59.5
61.5 59.5
61.5 59.5
61.5 59.5
61.5 59.5
61.5 59.5
61.5 59.5
61.5 59.5
61.5 59.5
61.5 60.5
61.5 60.5
61.5 60.5
61.5 60.5
61.5 60.5
61.5 60.5
61.5 60.5
61.5 60.5
61.5 60.5
61.5 60.5
61.5 60.5
61.5 60.5
61.5 60.5
61.5 60.5
61.5 60.5
61.5 60.5
61.5 60.5
61.5 60.5
61.5 60.5
61.5 60.5
61.5 60.5
61.5 60.5
61.5 60.5
61.5 60.5
61.5 60.5
61.5 60.5
61.5 60.5
61.5 60.5
61.5 60.5
61.5 60.5
61.5 60.5
61.5 60.5
61.5 60.5
61.5 60.5
61.5 60.5
61.5 60.5
61.5 60.5
61.5 60.5
61.5 60.5
61.5 60.5
61.5 60.5
61.5 60.5
61.5 60.5
61.5 60.5
61.5 60.5
61.5 60.5
61.5 60.5
61.5 60.5
61.5 60.5
61.5 60.5
61.5 60.5
61.5 60.5
61.5 60.5
61.5 60.5
61.5 60.5
61.5 60.5
61.5 60.5
61.5 60.5
61.5 60.5
61.5 60.5
61.5 60.5
61.5 60.5
61.5 60.5
61.5 60.5
61.5 60.5
61.5 60.5
61.5 60.5
61.5 60.5
61.5 60.5
61.5 60.5
61.5 60.5
61.5 60.5
61.5 60.5
61.5 61.5
61.5 61.5
61.5 61.5
61.5 61.5
61.5 61.5
61.5 61.5
61.5 61.5
61.5 61.5
61.5 61.5
61.5 61.5
61.5 61.5
61.5 61.5
61.5 61.5
61.5 61.5
61.5 61.5
61.5 61.5
61.5 61.5
61.5 61.5
61.5 61.5
61.5 61.5
61.5 61.5
61.5 61.5
61.5 61.5
61.5 61.5
61.5 61.5
61.5 61.5
61.5 61.5
61.5 61.5
61.5 61.5
61.5 61.5
61.5 61.5
61.5 61.5
61.5 61.5
61.5 61.5
61.5 61.5
61.5 61.5
61.5 61.5
61.5 61.5
61.5 61.5
61.5 61.5
61.5 61.5
61.5 61.5
61.5 61.5
61.5 61.5
61.5 61.5
61.5 61.5
61.5 61.5
61.5 61.5
61.5 61.5
61.5 61.5
61.5 61.5
61.5 61.5
61.5 61.5
61.5 61.5
61.5 61.5
61.5 61.5
61.5 61.5
61.5 61.5
61.5 61.5
61.5 61.5
61.5 61.5
61.5 61.5
61.5 61.5
61.5 61.5
61.5 61.5
61.5 61.5
61.5 61.5
61.5 61.5
61.5 61.5
61.5 61.5
61.5 61.5
61.5 61.5
61.5 61.5
61.5 61.5
61.5 61.5
61.5 61.5
61.5 61.5
61.5 61.5
61.5 61.5
61.5 61.5
61.5 61.5
61.5 61.5
61.5 61.5
61.5 61.5
61.5 61.5
61.5 61.5
61.5 61.5
61.5 61.5
61.5 61.5
61.5 61.5
61.5 61.5
61.5 61.5
61.5 61.5
61.5 61.5
61.5 61.5
61.5 61.5
61.5 61.5
61.5 61.5
61.5 61.5
61.5 61.5
61.5 61.5
61.5 61.5
61.5 61.5
61.5 61.5
61.5 61.5
61.5 61.5
61.5 61.5
61.5 61.5
61.5 61.5
61.5 61.5
61.5 61.5
61.5 61.5
61.5 61.5
61.5 61.5
61.5 61.5
61.5 61.5
61.5 61.5
61.5 61.5
61.5 61.5
61.5 61.5
61.5 61.5
61.5 61.5
61.5 61.5
61.5 61.5
61.5 61.5
61.5 61.5
61.5 61.5
61.5 61.5
61.5 61.5
61.5 61.5
61.5 61.5
61.5 61.5
61.5 61.5
61.5 61.5
61.5 61.5
61.5 61.5
61.5 62.5
61.5 62.5
61.5 62.5
61.5 62.5
61.5 62.5
61.5 62.5
61.5 62.5
61.5 62.5
61.5 62.5
61.5 62.5
61.5 62.5
61.5 62.5
61.5 62.5
61.5 62.5
61.5 62.5
61.5 62.5
61.5 62.5
61.5 62.5
61.5 62.5
61.5 62.5
61.5 62.5
61.5 62.5
61.5 62.5
61.5 62.5
61.5 62.5
61.5 62.5
61.5 62.5
61.5 62.5
61.5 62.5
61.5 62.5
61.5 62.5
61.5 62.5
61.5 62.5
61.5 62.5
61.5 62.5
61.5 62.5
61.5 62.5
61.5 62.5
61.5 62.5
61.5 62.5
61.5 62.5
61.5 62.5
61.5 62.5
61.5 62.5
61.5 62.5
61.5 62.5
61.5 62.5
61.5 62.5
61.5 62.5
61.5 62.5
61.5 62.5
61.5 62.5
61.5 62.5
61.5 62.5
61.5 62.5
61.5 62.5
61.5 62.5
61.5 62.5
61.5 62.5
61.5 62.5
61.5 62.5
61.5 62.5
61.5 62.5
61.5 62.5
61.5 62.5
61.5 62.5
61.5 62.5
61.5 62.5
61.5 62.5
61.5 62.5
61.5 62.5
61.5 62.5
61.5 62.5
61.5 62.5
61.5 62.5
61.5 62.5
61.5 62.5
61.5 62.5
61.5 62.5
61.5 62.5
61.5 62.5
61.5 62.5
61.5 62.5
61.5 62.5
61.5 62.5
61.5 62.5
61.5 62.5
61.5 62.5
61.5 62.5
61.5 62.5
61.5 62.5
61.5 62.5
61.5 62.5
61.5 62.5
61.5 62.5
61.5 62.5
61.5 62.5
61.5 62.5
61.5 62.5
61.5 62.5
61.5 62.5
61.5 62.5
61.5 62.5
61.5 62.5
61.5 62.5
61.5 62.5
61.5 62.5
61.5 62.5
61.5 62.5
61.5 63.5
61.5 63.5
61.5 63.5
61.5 63.5
61.5 63.5
61.5 63.5
61.5 63.5
61.5 63.5
61.5 63.5
61.5 63.5
61.5 63.5
61.5 63.5
61.5 63.5
61.5 63.5
61.5 63.5
61.5 63.5
61.5 63.5
61.5 63.5
61.5 63.5
61.5 63.5
61.5 63.5
61.5 63.5
61.5 63.5
61.5 63.5
61.5 63.5
61.5 63.5
61.5 63.5
61.5 63.5
61.5 63.5
61.5 63.5
61.5 63.5
61.5 63.5
61.5 63.5
61.5 63.5
61.5 63.5
61.5 63.5
61.5 63.5
61.5 63.5
61.5 63.5
61.5 63.5
61.5 63.5
61.5 63.5
61.5 63.5
61.5 63.5
61.5 63.5
61.5 63.5
61.5 63.5
61.5 63.5
61.5 63.5
61.5 63.5
61.5 63.5
61.5 63.5
61.5 63.5
61.5 63.5
61.5 63.5
61.5 63.5
61.5 63.5
61.5 63.5
61.5 63.5
61.5 63.5
61.5 64.5
61.5 64.5
61.5 64.5
61.5 64.5
61.5 64.5
61.5 64.5
61.5 64.5
61.5 64.5
61.5 64.5
61.5 64.5
61.5 64.5
61.5 64.5
61.5 64.5
61.5 64.5
61.5 64.5
61.5 64.5
61.5 64.5
61.5 64.5
61.5 64.5
61.5 64.5
61.5 64.5
61.5 64.5
61.5 64.5
61.5 64.5
61.5 64.5
61.5 64.5
61.5 64.5
61.5 64.5
61.5 64.5
61.5 64.5
61.5 64.5
61.5 64.5
61.5 64.5
61.5 64.5
61.5 64.5
61.5 65.5
61.5 65.5
61.5 65.5
61.5 65.5
61.5 65.5
61.5 65.5
61.5 65.5
61.5 65.5
61.5 65.5
61.5 65.5
61.5 65.5
61.5 65.5
61.5 65.5
61.5 65.5
61.5 65.5
61.5 65.5
61.5 65.5
61.5 65.5
61.5 65.5
61.5 65.5
61.5 65.5
61.5 65.5
61.5 65.5
61.5 65.5
61.5 66.5
61.5 66.5
61.5 66.5
61.5 66.5
61.5 66.5
61.5 66.5
61.5 66.5
61.5 66.5
61.5 66.5
61.5 66.5
61.5 66.5
61.5 66.5
61.5 66.5
61.5 67.5
62.5 52.5
62.5 52.5
62.5 54.5
62.5 55.5
62.5 56.5
62.5 57.5
62.5 57.5
62.5 57.5
62.5 57.5
62.5 57.5
62.5 57.5
62.5 57.5
62.5 57.5
62.5 57.5
62.5 57.5
62.5 57.5
62.5 57.5
62.5 57.5
62.5 57.5
62.5 57.5
62.5 57.5
62.5 58.5
62.5 58.5
62.5 58.5
62.5 58.5
62.5 58.5
62.5 58.5
62.5 58.5
62.5 58.5
62.5 58.5
62.5 58.5
62.5 58.5
62.5 58.5
62.5 58.5
62.5 58.5
62.5 58.5
62.5 58.5
62.5 58.5
62.5 58.5
62.5 58.5
62.5 58.5
62.5 58.5
62.5 58.5
62.5 58.5
62.5 58.5
62.5 58.5
62.5 58.5
62.5 58.5
62.5 58.5
62.5 58.5
62.5 58.5
62.5 58.5
62.5 58.5
62.5 58.5
62.5 58.5
62.5 58.5
62.5 58.5
62.5 58.5
62.5 58.5
62.5 58.5
62.5 58.5
62.5 58.5
62.5 58.5
62.5 58.5
62.5 58.5
62.5 58.5
62.5 58.5
62.5 59.5
62.5 59.5
62.5 59.5
62.5 59.5
62.5 59.5
62.5 59.5
62.5 59.5
62.5 59.5
62.5 59.5
62.5 59.5
62.5 59.5
62.5 59.5
62.5 59.5
62.5 59.5
62.5 59.5
62.5 59.5
62.5 59.5
62.5 59.5
62.5 59.5
62.5 59.5
62.5 59.5
62.5 59.5
62.5 59.5
62.5 59.5
62.5 59.5
62.5 59.5
62.5 59.5
62.5 59.5
62.5 59.5
62.5 59.5
62.5 59.5
62.5 59.5
62.5 59.5
62.5 59.5
62.5 59.5
62.5 59.5
62.5 59.5
62.5 59.5
62.5 59.5
62.5 59.5
62.5 59.5
62.5 59.5
62.5 59.5
62.5 59.5
62.5 59.5
62.5 59.5
62.5 59.5
62.5 59.5
62.5 59.5
62.5 59.5
62.5 59.5
62.5 59.5
62.5 59.5
62.5 59.5
62.5 59.5
62.5 59.5
62.5 59.5
62.5 59.5
62.5 59.5
62.5 59.5
62.5 59.5
62.5 59.5
62.5 59.5
62.5 59.5
62.5 59.5
62.5 59.5
62.5 59.5
62.5 59.5
62.5 59.5
62.5 59.5
62.5 59.5
62.5 59.5
62.5 59.5
62.5 59.5
62.5 59.5
62.5 59.5
62.5 59.5
62.5 59.5
62.5 59.5
62.5 60.5
62.5 60.5
62.5 60.5
62.5 60.5
62.5 60.5
62.5 60.5
62.5 60.5
62.5 60.5
62.5 60.5
62.5 60.5
62.5 60.5
62.5 60.5
62.5 60.5
62.5 60.5
62.5 60.5
62.5 60.5
62.5 60.5
62.5 60.5
62.5 60.5
62.5 60.5
62.5 60.5
62.5 60.5
62.5 60.5
62.5 60.5
62.5 60.5
62.5 60.5
62.5 60.5
62.5 60.5
62.5 60.5
62.5 60.5
62.5 60.5
62.5 60.5
62.5 60.5
62.5 60.5
62.5 60.5
62.5 60.5
62.5 60.5
62.5 60.5
62.5 60.5
62.5 60.5
62.5 60.5
62.5 60.5
62.5 60.5
62.5 60.5
62.5 60.5
62.5 60.5
62.5 60.5
62.5 60.5
62.5 60.5
62.5 60.5
62.5 60.5
62.5 60.5
62.5 60.5
62.5 60.5
62.5 60.5
62.5 60.5
62.5 60.5
62.5 60.5
62.5 60.5
62.5 60.5
62.5 60.5
62.5 60.5
62.5 60.5
62.5 60.5
62.5 60.5
62.5 60.5
62.5 60.5
62.5 60.5
62.5 60.5
62.5 60.5
62.5 60.5
62.5 60.5
62.5 60.5
62.5 60.5
62.5 60.5
62.5 60.5
62.5 60.5
62.5 60.5
62.5 60.5
62.5 60.5
62.5 60.5
62.5 60.5
62.5 60.5
62.5 60.5
62.5 60.5
62.5 60.5
62.5 60.5
62.5 60.5
62.5 60.5
62.5 60.5
62.5 60.5
62.5 60.5
62.5 60.5
62.5 60.5
62.5 60.5
62.5 60.5
62.5 60.5
62.5 60.5
62.5 60.5
62.5 60.5
62.5 60.5
62.5 60.5
62.5 60.5
62.5 60.5
62.5 60.5
62.5 60.5
62.5 60.5
62.5 60.5
62.5 60.5
62.5 60.5
62.5 60.5
62.5 60.5
62.5 60.5
62.5 60.5
62.5 60.5
62.5 60.5
62.5 60.5
62.5 60.5
62.5 60.5
62.5 60.5
62.5 60.5
62.5 60.5
62.5 60.5
62.5 60.5
62.5 60.5
62.5 60.5
62.5 60.5
62.5 60.5
62.5 60.5
62.5 60.5
62.5 60.5
62.5 60.5
62.5 60.5
62.5 61.5
62.5 61.5
62.5 61.5
62.5 61.5
62.5 61.5
62.5 61.5
62.5 61.5
62.5 61.5
62.5 61.5
62.5 61.5
62.5 61.5
62.5 61.5
62.5 61.5
62.5 61.5
62.5 61.5
62.5 61.5
62.5 61.5
62.5 61.5
62.5 61.5
62.5 61.5
62.5 61.5
62.5 61.5
62.5 61.5
62.5 61.5
62.5 61.5
62.5 61.5
62.5 61.5
62.5 61.5
62.5 61.5
62.5 61.5
62.5 61.5
62.5 61.5
62.5 61.5
62.5 61.5
62.5 61.5
62.5 61.5
62.5 61.5
62.5 61.5
62.5 61.5
62.5 61.5
62.5 61.5
62.5 61.5
62.5 61.5
62.5 61.5
62.5 61.5
62.5 61.5
62.5 61.5
62.5 61.5
62.5 61.5
62.5 61.5
62.5 61.5
62.5 61.5
62.5 61.5
62.5 61.5
62.5 61.5
62.5 61.5
62.5 61.5
62.5 61.5
62.5 61.5
62.5 61.5
62.5 61.5
62.5 61.5
62.5 61.5
62.5 61.5
62.5 61.5
62.5 61.5
62.5 61.5
62.5 61.5
62.5 61.5
62.5 61.5
62.5 61.5
62.5 61.5
62.5 61.5
62.5 61.5
62.5 61.5
62.5 61.5
62.5 61.5
62.5 61.5
62.5 61.5
62.5 61.5
62.5 61.5
62.5 61.5
62.5 61.5
62.5 61.5
62.5 61.5
62.5 61.5
62.5 61.5
62.5 61.5
62.5 61.5
62.5 61.5
62.5 61.5
62.5 61.5
62.5 61.5
62.5 61.5
62.5 61.5
62.5 61.5
62.5 61.5
62.5 61.5
62.5 61.5
62.5 61.5
62.5 61.5
62.5 61.5
62.5 61.5
62.5 61.5
62.5 61.5
62.5 61.5
62.5 61.5
62.5 61.5
62.5 61.5
62.5 61.5
62.5 61.5
62.5 61.5
62.5 61.5
62.5 61.5
62.5 61.5
62.5 61.5
62.5 61.5
62.5 61.5
62.5 61.5
62.5 61.5
62.5 61.5
62.5 61.5
62.5 61.5
62.5 61.5
62.5 61.5
62.5 61.5
62.5 61.5
62.5 61.5
62.5 61.5
62.5 61.5
62.5 61.5
62.5 61.5
62.5 61.5
62.5 61.5
62.5 61.5
62.5 61.5
62.5 61.5
62.5 61.5
62.5 61.5
62.5 62.5
62.5 62.5
62.5 62.5
62.5 62.5
62.5 62.5
62.5 62.5
62.5 62.5
62.5 62.5
62.5 62.5
62.5 62.5
62.5 62.5
62.5 62.5
62.5 62.5
62.5 62.5
62.5 62.5
62.5 62.5
62.5 62.5
62.5 62.5
62.5 62.5
62.5 62.5
62.5 62.5
62.5 62.5
62.5 62.5
62.5 62.5
62.5 62.5
62.5 62.5
62.5 62.5
62.5 62.5
62.5 62.5
62.5 62.5
62.5 62.5
62.5 62.5
62.5 62.5
62.5 62.5
62.5 62.5
62.5 62.5
62.5 62.5
62.5 62.5
62.5 62.5
62.5 62.5
62.5 62.5
62.5 62.5
62.5 62.5
62.5 62.5
62.5 62.5
62.5 62.5
62.5 62.5
62.5 62.5
62.5 62.5
62.5 62.5
62.5 62.5
62.5 62.5
62.5 62.5
62.5 62.5
62.5 62.5
62.5 62.5
62.5 62.5
62.5 62.5
62.5 62.5
62.5 62.5
62.5 62.5
62.5 62.5
62.5 62.5
62.5 62.5
62.5 62.5
62.5 62.5
62.5 62.5
62.5 62.5
62.5 62.5
62.5 62.5
62.5 62.5
62.5 62.5
62.5 62.5
62.5 62.5
62.5 62.5
62.5 62.5
62.5 62.5
62.5 62.5
62.5 62.5
62.5 62.5
62.5 62.5
62.5 62.5
62.5 62.5
62.5 62.5
62.5 62.5
62.5 62.5
62.5 62.5
62.5 62.5
62.5 62.5
62.5 62.5
62.5 62.5
62.5 62.5
62.5 62.5
62.5 62.5
62.5 62.5
62.5 62.5
62.5 62.5
62.5 62.5
62.5 62.5
62.5 62.5
62.5 62.5
62.5 62.5
62.5 62.5
62.5 62.5
62.5 62.5
62.5 62.5
62.5 62.5
62.5 62.5
62.5 62.5
62.5 62.5
62.5 62.5
62.5 62.5
62.5 62.5
62.5 62.5
62.5 62.5
62.5 62.5
62.5 62.5
62.5 62.5
62.5 62.5
62.5 62.5
62.5 62.5
62.5 62.5
62.5 62.5
62.5 62.5
62.5 62.5
62.5 62.5
62.5 62.5
62.5 62.5
62.5 62.5
62.5 62.5
62.5 62.5
62.5 62.5
62.5 62.5
62.5 62.5
62.5 62.5
62.5 62.5
62.5 62.5
62.5 62.5
62.5 62.5
62.5 63.5
62.5 63.5
62.5 63.5
62.5 63.5
62.5 63.5
62.5 63.5
62.5 63.5
62.5 63.5
62.5 63.5
62.5 63.5
62.5 63.5
62.5 63.5
62.5 63.5
62.5 63.5
62.5 63.5
62.5 63.5
62.5 63.5
62.5 63.5
62.5 63.5
62.5 63.5
62.5 63.5
62.5 63.5
62.5 63.5
62.5 63.5
62.5 63.5
62.5 63.5
62.5 63.5
62.5 63.5
62.5 63.5
62.5 63.5
62.5 63.5
62.5 63.5
62.5 63.5
62.5 63.5
62.5 63.5
62.5 63.5
62.5 63.5
62.5 63.5
62.5 63.5
62.5 63.5
62.5 63.5
62.5 63.5
62.5 63.5
62.5 63.5
62.5 63.5
62.5 63.5
62.5 63.5
62.5 63.5
62.5 63.5
62.5 63.5
62.5 63.5
62.5 63.5
62.5 63.5
62.5 63.5
62.5 63.5
62.5 63.5
62.5 63.5
62.5 63.5
62.5 63.5
62.5 63.5
62.5 63.5
62.5 63.5
62.5 63.5
62.5 63.5
62.5 63.5
62.5 63.5
62.5 63.5
62.5 63.5
62.5 63.5
62.5 63.5
62.5 63.5
62.5 63.5
62.5 63.5
62.5 63.5
62.5 63.5
62.5 63.5
62.5 63.5
62.5 63.5
62.5 63.5
62.5 63.5
62.5 63.5
62.5 63.5
62.5 63.5
62.5 63.5
62.5 63.5
62.5 63.5
62.5 63.5
62.5 63.5
62.5 63.5
62.5 63.5
62.5 63.5
62.5 63.5
62.5 63.5
62.5 63.5
62.5 63.5
62.5 63.5
62.5 64.5
62.5 64.5
62.5 64.5
62.5 64.5
62.5 64.5
62.5 64.5
62.5 64.5
62.5 64.5
62.5 64.5
62.5 64.5
62.5 64.5
62.5 64.5
62.5 64.5
62.5 64.5
62.5 64.5
62.5 64.5
62.5 64.5
62.5 64.5
62.5 64.5
62.5 64.5
62.5 64.5
62.5 64.5
62.5 64.5
62.5 64.5
62.5 64.5
62.5 64.5
62.5 64.5
62.5 64.5
62.5 64.5
62.5 64.5
62.5 64.5
62.5 64.5
62.5 64.5
62.5 64.5
62.5 64.5
62.5 64.5
62.5 64.5
62.5 64.5
62.5 64.5
62.5 64.5
62.5 64.5
62.5 64.5
62.5 64.5
62.5 64.5
62.5 64.5
62.5 64.5
62.5 64.5
62.5 64.5
62.5 64.5
62.5 64.5
62.5 64.5
62.5 65.5
62.5 65.5
62.5 65.5
62.5 65.5
62.5 65.5
62.5 65.5
62.5 65.5
62.5 65.5
62.5 65.5
62.5 65.5
62.5 65.5
62.5 65.5
62.5 65.5
62.5 65.5
62.5 65.5
62.5 65.5
62.5 65.5
62.5 65.5
62.5 65.5
62.5 65.5
62.5 65.5
62.5 65.5
62.5 65.5
62.5 65.5
62.5 65.5
62.5 65.5
62.5 65.5
62.5 65.5
62.5 65.5
62.5 65.5
62.5 65.5
62.5 65.5
62.5 65.5
62.5 65.5
62.5 65.5
62.5 65.5
62.5 65.5
62.5 65.5
62.5 65.5
62.5 65.5
62.5 65.5
62.5 66.5
62.5 66.5
62.5 66.5
62.5 66.5
62.5 66.5
62.5 66.5
62.5 66.5
62.5 66.5
62.5 66.5
62.5 66.5
62.5 66.5
62.5 67.5
62.5 67.5
62.5 67.5
62.5 67.5
62.5 68.5
62.5 68.5
63.5 52.5
63.5 52.5
63.5 56.5
63.5 56.5
63.5 56.5
63.5 57.5
63.5 57.5
63.5 57.5
63.5 57.5
63.5 57.5
63.5 57.5
63.5 57.5
63.5 57.5
63.5 57.5
63.5 57.5
63.5 57.5
63.5 57.5
63.5 57.5
63.5 57.5
63.5 57.5
63.5 58.5
63.5 58.5
63.5 58.5
63.5 58.5
63.5 58.5
63.5 58.5
63.5 58.5
63.5 58.5
63.5 58.5
63.5 58.5
63.5 58.5
63.5 58.5
63.5 58.5
63.5 58.5
63.5 58.5
63.5 58.5
63.5 58.5
63.5 58.5
63.5 58.5
63.5 58.5
63.5 58.5
63.5 58.5
63.5 58.5
63.5 58.5
63.5 58.5
63.5 59.5
63.5 59.5
63.5 59.5
63.5 59.5
63.5 59.5
63.5 59.5
63.5 59.5
63.5 59.5
63.5 59.5
63.5 59.5
63.5 59.5
63.5 59.5
63.5 59.5
63.5 59.5
63.5 59.5
63.5 59.5
63.5 59.5
63.5 59.5
63.5 59.5
63.5 59.5
63.5 59.5
63.5 59.5
63.5 59.5
63.5 59.5
63.5 59.5
63.5 59.5
63.5 59.5
63.5 59.5
63.5 59.5
63.5 59.5
63.5 59.5
63.5 59.5
63.5 59.5
63.5 59.5
63.5 59.5
63.5 59.5
63.5 59.5
63.5 59.5
63.5 59.5
63.5 59.5
63.5 59.5
63.5 59.5
63.5 59.5
63.5 59.5
63.5 59.5
63.5 59.5
63.5 59.5
63.5 59.5
63.5 59.5
63.5 59.5
63.5 59.5
63.5 59.5
63.5 59.5
63.5 59.5
63.5 59.5
63.5 59.5
63.5 59.5
63.5 59.5
63.5 59.5
63.5 59.5
63.5 59.5
63.5 59.5
63.5 59.5
63.5 59.5
63.5 59.5
63.5 59.5
63.5 59.5
63.5 59.5
63.5 59.5
63.5 59.5
63.5 60.5
63.5 60.5
63.5 60.5
63.5 60.5
63.5 60.5
63.5 60.5
63.5 60.5
63.5 60.5
63.5 60.5
63.5 60.5
63.5 60.5
63.5 60.5
63.5 60.5
63.5 60.5
63.5 60.5
63.5 60.5
63.5 60.5
63.5 60.5
63.5 60.5
63.5 60.5
63.5 60.5
63.5 60.5
63.5 60.5
63.5 60.5
63.5 60.5
63.5 60.5
63.5 60.5
63.5 60.5
63.5 60.5
63.5 60.5
63.5 60.5
63.5 60.5
63.5 60.5
63.5 60.5
63.5 60.5
63.5 60.5
63.5 60.5
63.5 60.5
63.5 60.5
63.5 60.5
63.5 60.5
63.5 60.5
63.5 60.5
63.5 60.5
63.5 60.5
63.5 60.5
63.5 60.5
63.5 60.5
63.5 60.5
63.5 60.5
63.5 60.5
63.5 60.5
63.5 60.5
63.5 60.5
63.5 60.5
63.5 60.5
63.5 60.5
63.5 60.5
63.5 60.5
63.5 60.5
63.5 60.5
63.5 60.5
63.5 60.5
63.5 60.5
63.5 60.5
63.5 60.5
63.5 60.5
63.5 60.5
63.5 60.5
63.5 60.5
63.5 60.5
63.5 60.5
63.5 60.5
63.5 60.5
63.5 60.5
63.5 60.5
63.5 60.5
63.5 60.5
63.5 60.5
63.5 60.5
63.5 60.5
63.5 60.5
63.5 60.5
63.5 60.5
63.5 60.5
63.5 60.5
63.5 60.5
63.5 60.5
63.5 60.5
63.5 60.5
63.5 60.5
63.5 60.5
63.5 60.5
63.5 60.5
63.5 60.5
63.5 60.5
63.5 60.5
63.5 60.5
63.5 60.5
63.5 60.5
63.5 60.5
63.5 60.5
63.5 60.5
63.5 60.5
63.5 60.5
63.5 60.5
63.5 60.5
63.5 60.5
63.5 60.5
63.5 60.5
63.5 60.5
63.5 60.5
63.5 60.5
63.5 60.5
63.5 60.5
63.5 60.5
63.5 61.5
63.5 61.5
63.5 61.5
63.5 61.5
63.5 61.5
63.5 61.5
63.5 61.5
63.5 61.5
63.5 61.5
63.5 61.5
63.5 61.5
63.5 61.5
63.5 61.5
63.5 61.5
63.5 61.5
63.5 61.5
63.5 61.5
63.5 61.5
63.5 61.5
63.5 61.5
63.5 61.5
63.5 61.5
63.5 61.5
63.5 61.5
63.5 61.5
63.5 61.5
63.5 61.5
63.5 61.5
63.5 61.5
63.5 61.5
63.5 61.5
63.5 61.5
63.5 61.5
63.5 61.5
63.5 61.5
63.5 61.5
63.5 61.5
63.5 61.5
63.5 61.5
63.5 61.5
63.5 61.5
63.5 61.5
63.5 61.5
63.5 61.5
63.5 61.5
63.5 61.5
63.5 61.5
63.5 61.5
63.5 61.5
63.5 61.5
63.5 61.5
63.5 61.5
63.5 61.5
63.5 61.5
63.5 61.5
63.5 61.5
63.5 61.5
63.5 61.5
63.5 61.5
63.5 61.5
63.5 61.5
63.5 61.5
63.5 61.5
63.5 61.5
63.5 61.5
63.5 61.5
63.5 61.5
63.5 61.5
63.5 61.5
63.5 61.5
63.5 61.5
63.5 61.5
63.5 61.5
63.5 61.5
63.5 61.5
63.5 61.5
63.5 61.5
63.5 61.5
63.5 61.5
63.5 61.5
63.5 61.5
63.5 61.5
63.5 61.5
63.5 61.5
63.5 61.5
63.5 61.5
63.5 61.5
63.5 61.5
63.5 61.5
63.5 61.5
63.5 61.5
63.5 61.5
63.5 61.5
63.5 61.5
63.5 61.5
63.5 61.5
63.5 61.5
63.5 61.5
63.5 61.5
63.5 61.5
63.5 61.5
63.5 61.5
63.5 61.5
63.5 61.5
63.5 61.5
63.5 61.5
63.5 61.5
63.5 61.5
63.5 61.5
63.5 61.5
63.5 61.5
63.5 61.5
63.5 61.5
63.5 61.5
63.5 61.5
63.5 61.5
63.5 61.5
63.5 61.5
63.5 61.5
63.5 61.5
63.5 61.5
63.5 61.5
63.5 61.5
63.5 61.5
63.5 61.5
63.5 61.5
63.5 61.5
63.5 61.5
63.5 61.5
63.5 61.5
63.5 61.5
63.5 61.5
63.5 61.5
63.5 61.5
63.5 61.5
63.5 61.5
63.5 61.5
63.5 61.5
63.5 61.5
63.5 61.5
63.5 61.5
63.5 61.5
63.5 61.5
63.5 61.5
63.5 61.5
63.5 61.5
63.5 61.5
63.5 61.5
63.5 61.5
63.5 61.5
63.5 61.5
63.5 61.5
63.5 61.5
63.5 61.5
63.5 61.5
63.5 61.5
63.5 61.5
63.5 61.5
63.5 61.5
63.5 61.5
63.5 61.5
63.5 61.5
63.5 61.5
63.5 61.5
63.5 61.5
63.5 61.5
63.5 62.5
63.5 62.5
63.5 62.5
63.5 62.5
63.5 62.5
63.5 62.5
63.5 62.5
63.5 62.5
63.5 62.5
63.5 62.5
63.5 62.5
63.5 62.5
63.5 62.5
63.5 62.5
63.5 62.5
63.5 62.5
63.5 62.5
63.5 62.5
63.5 62.5
63.5 62.5
63.5 62.5
63.5 62.5
63.5 62.5
63.5 62.5
63.5 62.5
63.5 62.5
63.5 62.5
63.5 62.5
63.5 62.5
63.5 62.5
63.5 62.5
63.5 62.5
63.5 62.5
63.5 62.5
63.5 62.5
63.5 62.5
63.5 62.5
63.5 62.5
63.5 62.5
63.5 62.5
63.5 62.5
63.5 62.5
63.5 62.5
63.5 62.5
63.5 62.5
63.5 62.5
63.5 62.5
63.5 62.5
63.5 62.5
63.5 62.5
63.5 62.5
63.5 62.5
63.5 62.5
63.5 62.5
63.5 62.5
63.5 62.5
63.5 62.5
63.5 62.5
63.5 62.5
63.5 62.5
63.5 62.5
63.5 62.5
63.5 62.5
63.5 62.5
63.5 62.5
63.5 62.5
63.5 62.5
63.5 62.5
63.5 62.5
63.5 62.5
63.5 62.5
63.5 62.5
63.5 62.5
63.5 62.5
63.5 62.5
63.5 62.5
63.5 62.5
63.5 62.5
63.5 62.5
63.5 62.5
63.5 62.5
63.5 62.5
63.5 62.5
63.5 62.5
63.5 62.5
63.5 62.5
63.5 62.5
63.5 62.5
63.5 62.5
63.5 62.5
63.5 62.5
63.5 62.5
63.5 62.5
63.5 62.5
63.5 62.5
63.5 62.5
63.5 62.5
63.5 62.5
63.5 62.5
63.5 62.5
63.5 62.5
63.5 62.5
63.5 62.5
63.5 62.5
63.5 62.5
63.5 62.5
63.5 62.5
63.5 62.5
63.5 62.5
63.5 62.5
63.5 62.5
63.5 62.5
63.5 62.5
63.5 62.5
63.5 62.5
63.5 62.5
63.5 62.5
63.5 62.5
63.5 62.5
63.5 62.5
63.5 62.5
63.5 62.5
63.5 62.5
63.5 62.5
63.5 62.5
63.5 62.5
63.5 62.5
63.5 62.5
63.5 62.5
63.5 62.5
63.5 62.5
63.5 62.5
63.5 62.5
63.5 62.5
63.5 62.5
63.5 62.5
63.5 62.5
63.5 62.5
63.5 62.5
63.5 62.5
63.5 62.5
63.5 62.5
63.5 62.5
63.5 62.5
63.5 62.5
63.5 62.5
63.5 62.5
63.5 62.5
63.5 62.5
63.5 62.5
63.5 62.5
63.5 62.5
63.5 62.5
63.5 62.5
63.5 62.5
63.5 62.5
63.5 62.5
63.5 62.5
63.5 62.5
63.5 62.5
63.5 62.5
63.5 62.5
63.5 62.5
63.5 62.5
63.5 62.5
63.5 62.5
63.5 62.5
63.5 62.5
63.5 62.5
63.5 62.5
63.5 62.5
63.5 62.5
63.5 62.5
63.5 62.5
63.5 62.5
63.5 62.5
63.5 62.5
63.5 62.5
63.5 62.5
63.5 62.5
63.5 62.5
63.5 62.5
63.5 62.5
63.5 62.5
63.5 62.5
63.5 62.5
63.5 63.5
63.5 63.5
63.5 63.5
63.5 63.5
63.5 63.5
63.5 63.5
63.5 63.5
63.5 63.5
63.5 63.5
63.5 63.5
63.5 63.5
63.5 63.5
63.5 63.5
63.5 63.5
63.5 63.5
63.5 63.5
63.5 63.5
63.5 63.5
63.5 63.5
63.5 63.5
63.5 63.5
63.5 63.5
63.5 63.5
63.5 63.5
63.5 63.5
63.5 63.5
63.5 63.5
63.5 63.5
63.5 63.5
63.5 63.5
63.5 63.5
63.5 63.5
63.5 63.5
63.5 63.5
63.5 63.5
63.5 63.5
63.5 63.5
63.5 63.5
63.5 63.5
63.5 63.5
63.5 63.5
63.5 63.5
63.5 63.5
63.5 63.5
63.5 63.5
63.5 63.5
63.5 63.5
63.5 63.5
63.5 63.5
63.5 63.5
63.5 63.5
63.5 63.5
63.5 63.5
63.5 63.5
63.5 63.5
63.5 63.5
63.5 63.5
63.5 63.5
63.5 63.5
63.5 63.5
63.5 63.5
63.5 63.5
63.5 63.5
63.5 63.5
63.5 63.5
63.5 63.5
63.5 63.5
63.5 63.5
63.5 63.5
63.5 63.5
63.5 63.5
63.5 63.5
63.5 63.5
63.5 63.5
63.5 63.5
63.5 63.5
63.5 63.5
63.5 63.5
63.5 63.5
63.5 63.5
63.5 63.5
63.5 63.5
63.5 63.5
63.5 63.5
63.5 63.5
63.5 63.5
63.5 63.5
63.5 63.5
63.5 63.5
63.5 63.5
63.5 63.5
63.5 63.5
63.5 63.5
63.5 63.5
63.5 63.5
63.5 63.5
63.5 63.5
63.5 63.5
63.5 63.5
63.5 63.5
63.5 63.5
63.5 63.5
63.5 63.5
63.5 63.5
63.5 63.5
63.5 63.5
63.5 63.5
63.5 63.5
63.5 63.5
63.5 63.5
63.5 63.5
63.5 63.5
63.5 63.5
63.5 63.5
63.5 63.5
63.5 63.5
63.5 63.5
63.5 63.5
63.5 63.5
63.5 63.5
63.5 63.5
63.5 63.5
63.5 63.5
63.5 63.5
63.5 63.5
63.5 63.5
63.5 63.5
63.5 63.5
63.5 63.5
63.5 63.5
63.5 63.5
63.5 63.5
63.5 63.5
63.5 63.5
63.5 64.5
63.5 64.5
63.5 64.5
63.5 64.5
63.5 64.5
63.5 64.5
63.5 64.5
63.5 64.5
63.5 64.5
63.5 64.5
63.5 64.5
63.5 64.5
63.5 64.5
63.5 64.5
63.5 64.5
63.5 64.5
63.5 64.5
63.5 64.5
63.5 64.5
63.5 64.5
63.5 64.5
63.5 64.5
63.5 64.5
63.5 64.5
63.5 64.5
63.5 64.5
63.5 64.5
63.5 64.5
63.5 64.5
63.5 64.5
63.5 64.5
63.5 64.5
63.5 64.5
63.5 64.5
63.5 64.5
63.5 64.5
63.5 64.5
63.5 64.5
63.5 64.5
63.5 64.5
63.5 64.5
63.5 64.5
63.5 64.5
63.5 64.5
63.5 64.5
63.5 64.5
63.5 64.5
63.5 64.5
63.5 64.5
63.5 64.5
63.5 64.5
63.5 64.5
63.5 64.5
63.5 64.5
63.5 64.5
63.5 64.5
63.5 64.5
63.5 64.5
63.5 64.5
63.5 64.5
63.5 64.5
63.5 64.5
63.5 64.5
63.5 64.5
63.5 64.5
63.5 64.5
63.5 64.5
63.5 64.5
63.5 64.5
63.5 64.5
63.5 64.5
63.5 64.5
63.5 64.5
63.5 65.5
63.5 65.5
63.5 65.5
63.5 65.5
63.5 65.5
63.5 65.5
63.5 65.5
63.5 65.5
63.5 65.5
63.5 65.5
63.5 65.5
63.5 65.5
63.5 65.5
63.5 65.5
63.5 65.5
63.5 65.5
63.5 65.5
63.5 65.5
63.5 65.5
63.5 65.5
63.5 65.5
63.5 65.5
63.5 65.5
63.5 65.5
63.5 65.5
63.5 65.5
63.5 65.5
63.5 65.5
63.5 65.5
63.5 65.5
63.5 65.5
63.5 65.5
63.5 65.5
63.5 65.5
63.5 65.5
63.5 65.5
63.5 65.5
63.5 65.5
63.5 65.5
63.5 65.5
63.5 65.5
63.5 66.5
63.5 66.5
63.5 66.5
63.5 66.5
63.5 66.5
63.5 66.5
63.5 66.5
63.5 66.5
63.5 66.5
63.5 66.5
63.5 66.5
63.5 66.5
63.5 66.5
63.5 66.5
63.5 66.5
63.5 67.5
63.5 67.5
63.5 68.5
63.5 68.5
64.5 57.5
64.5 57.5
64.5 57.5
64.5 57.5
64.5 57.5
64.5 57.5
64.5 57.5
64.5 57.5
64.5 57.5
64.5 57.5
64.5 58.5
64.5 58.5
64.5 58.5
64.5 58.5
64.5 58.5
64.5 58.5
64.5 58.5
64.5 58.5
64.5 58.5
64.5 58.5
64.5 58.5
64.5 58.5
64.5 58.5
64.5 58.5
64.5 58.5
64.5 58.5
64.5 59.5
64.5 59.5
64.5 59.5
64.5 59.5
64.5 59.5
64.5 59.5
64.5 59.5
64.5 59.5
64.5 59.5
64.5 59.5
64.5 59.5
64.5 59.5
64.5 59.5
64.5 59.5
64.5 59.5
64.5 59.5
64.5 59.5
64.5 59.5
64.5 59.5
64.5 59.5
64.5 59.5
64.5 59.5
64.5 59.5
64.5 59.5
64.5 59.5
64.5 60.5
64.5 60.5
64.5 60.5
64.5 60.5
64.5 60.5
64.5 60.5
64.5 60.5
64.5 60.5
64.5 60.5
64.5 60.5
64.5 60.5
64.5 60.5
64.5 60.5
64.5 60.5
64.5 60.5
64.5 60.5
64.5 60.5
64.5 60.5
64.5 60.5
64.5 60.5
64.5 60.5
64.5 60.5
64.5 60.5
64.5 60.5
64.5 60.5
64.5 60.5
64.5 60.5
64.5 60.5
64.5 60.5
64.5 60.5
64.5 60.5
64.5 60.5
64.5 60.5
64.5 60.5
64.5 60.5
64.5 60.5
64.5 60.5
64.5 60.5
64.5 60.5
64.5 60.5
64.5 60.5
64.5 60.5
64.5 60.5
64.5 60.5
64.5 60.5
64.5 60.5
64.5 60.5
64.5 60.5
64.5 60.5
64.5 60.5
64.5 60.5
64.5 60.5
64.5 60.5
64.5 60.5
64.5 60.5
64.5 60.5
64.5 60.5
64.5 60.5
64.5 60.5
64.5 60.5
64.5 60.5
64.5 60.5
64.5 60.5
64.5 60.5
64.5 60.5
64.5 60.5
64.5 60.5
64.5 60.5
64.5 60.5
64.5 60.5
64.5 60.5
64.5 60.5
64.5 60.5
64.5 60.5
64.5 60.5
64.5 60.5
64.5 60.5
64.5 60.5
64.5 60.5
64.5 60.5
64.5 60.5
64.5 60.5
64.5 60.5
64.5 60.5
64.5 60.5
64.5 60.5
64.5 60.5
64.5 60.5
64.5 60.5
64.5 60.5
64.5 60.5
64.5 60.5
64.5 60.5
64.5 60.5
64.5 60.5
64.5 61.5
64.5 61.5
64.5 61.5
64.5 61.5
64.5 61.5
64.5 61.5
64.5 61.5
64.5 61.5
64.5 61.5
64.5 61.5
64.5 61.5
64.5 61.5
64.5 61.5
64.5 61.5
64.5 61.5
64.5 61.5
64.5 61.5
64.5 61.5
64.5 61.5
64.5 61.5
64.5 61.5
64.5 61.5
64.5 61.5
64.5 61.5
64.5 61.5
64.5 61.5
64.5 61.5
64.5 61.5
64.5 61.5
64.5 61.5
64.5 61.5
64.5 61.5
64.5 61.5
64.5 61.5
64.5 61.5
64.5 61.5
64.5 61.5
64.5 61.5
64.5 61.5
64.5 61.5
64.5 61.5
64.5 61.5
64.5 61.5
64.5 61.5
64.5 61.5
64.5 61.5
64.5 61.5
64.5 61.5
64.5 61.5
64.5 61.5
64.5 61.5
64.5 61.5
64.5 61.5
64.5 61.5
64.5 61.5
64.5 61.5
64.5 61.5
64.5 61.5
64.5 61.5
64.5 61.5
64.5 61.5
64.5 61.5
64.5 61.5
64.5 61.5
64.5 61.5
64.5 61.5
64.5 61.5
64.5 61.5
64.5 61.5
64.5 61.5
64.5 61.5
64.5 61.5
64.5 61.5
64.5 61.5
64.5 61.5
64.5 61.5
64.5 61.5
64.5 61.5
64.5 61.5
64.5 61.5
64.5 61.5
64.5 61.5
64.5 61.5
64.5 61.5
64.5 61.5
64.5 61.5
64.5 61.5
64.5 61.5
64.5 61.5
64.5 61.5
64.5 61.5
64.5 61.5
64.5 61.5
64.5 61.5
64.5 61.5
64.5 61.5
64.5 61.5
64.5 61.5
64.5 61.5
64.5 61.5
64.5 61.5
64.5 61.5
64.5 61.5
64.5 61.5
64.5 61.5
64.5 61.5
64.5 61.5
64.5 61.5
64.5 61.5
64.5 61.5
64.5 61.5
64.5 61.5
64.5 61.5
64.5 61.5
64.5 61.5
64.5 61.5
64.5 61.5
64.5 61.5
64.5 61.5
64.5 61.5
64.5 61.5
64.5 61.5
64.5 61.5
64.5 61.5
64.5 61.5
64.5 61.5
64.5 61.5
64.5 61.5
64.5 62.5
64.5 62.5
64.5 62.5
64.5 62.5
64.5 62.5
64.5 62.5
64.5 62.5
64.5 62.5
64.5 62.5
64.5 62.5
64.5 62.5
64.5 62.5
64.5 62.5
64.5 62.5
64.5 62.5
64.5 62.5
64.5 62.5
64.5 62.5
64.5 62.5
64.5 62.5
64.5 62.5
64.5 62.5
64.5 62.5
64.5 62.5
64.5 62.5
64.5 62.5
64.5 62.5
64.5 62.5
64.5 62.5
64.5 62.5
64.5 62.5
64.5 62.5
64.5 62.5
64.5 62.5
64.5 62.5
64.5 62.5
64.5 62.5
64.5 62.5
64.5 62.5
64.5 62.5
64.5 62.5
64.5 62.5
64.5 62.5
64.5 62.5
64.5 62.5
64.5 62.5
64.5 62.5
64.5 62.5
64.5 62.5
64.5 62.5
64.5 62.5
64.5 62.5
64.5 62.5
64.5 62.5
64.5 62.5
64.5 62.5
64.5 62.5
64.5 62.5
64.5 62.5
64.5 62.5
64.5 62.5
64.5 62.5
64.5 62.5
64.5 62.5
64.5 62.5
64.5 62.5
64.5 62.5
64.5 62.5
64.5 62.5
64.5 62.5
64.5 62.5
64.5 62.5
64.5 62.5
64.5 62.5
64.5 62.5
64.5 62.5
64.5 62.5
64.5 62.5
64.5 62.5
64.5 62.5
64.5 62.5
64.5 62.5
64.5 62.5
64.5 62.5
64.5 62.5
64.5 62.5
64.5 62.5
64.5 62.5
64.5 62.5
64.5 62.5
64.5 62.5
64.5 62.5
64.5 62.5
64.5 62.5
64.5 62.5
64.5 62.5
64.5 62.5
64.5 62.5
64.5 62.5
64.5 62.5
64.5 62.5
64.5 62.5
64.5 62.5
64.5 62.5
64.5 62.5
64.5 62.5
64.5 62.5
64.5 62.5
64.5 62.5
64.5 62.5
64.5 62.5
64.5 62.5
64.5 62.5
64.5 62.5
64.5 62.5
64.5 62.5
64.5 62.5
64.5 62.5
64.5 62.5
64.5 62.5
64.5 62.5
64.5 62.5
64.5 62.5
64.5 62.5
64.5 62.5
64.5 62.5
64.5 62.5
64.5 62.5
64.5 62.5
64.5 62.5
64.5 62.5
64.5 62.5
64.5 62.5
64.5 62.5
64.5 62.5
64.5 62.5
64.5 62.5
64.5 62.5
64.5 62.5
64.5 62.5
64.5 62.5
64.5 62.5
64.5 62.5
64.5 62.5
64.5 62.5
64.5 62.5
64.5 62.5
64.5 62.5
64.5 62.5
64.5 62.5
64.5 62.5
64.5 62.5
64.5 62.5
64.5 62.5
64.5 63.5
64.5 63.5
64.5 63.5
64.5 63.5
64.5 63.5
64.5 63.5
64.5 63.5
64.5 63.5
64.5 63.5
64.5 63.5
64.5 63.5
64.5 63.5
64.5 63.5
64.5 63.5
64.5 63.5
64.5 63.5
64.5 63.5
64.5 63.5
64.5 63.5
64.5 63.5
64.5 63.5
64.5 63.5
64.5 63.5
64.5 63.5
64.5 63.5
64.5 63.5
64.5 63.5
64.5 63.5
64.5 63.5
64.5 63.5
64.5 63.5
64.5 63.5
64.5 63.5
64.5 63.5
64.5 63.5
64.5 63.5
64.5 63.5
64.5 63.5
64.5 63.5
64.5 63.5
64.5 63.5
64.5 63.5
64.5 63.5
64.5 63.5
64.5 63.5
64.5 63.5
64.5 63.5
64.5 63.5
64.5 63.5
64.5 63.5
64.5 63.5
64.5 63.5
64.5 63.5
64.5 63.5
64.5 63.5
64.5 63.5
64.5 63.5
64.5 63.5
64.5 63.5
64.5 63.5
64.5 63.5
64.5 63.5
64.5 63.5
64.5 63.5
64.5 63.5
64.5 63.5
64.5 63.5
64.5 63.5
64.5 63.5
64.5 63.5
64.5 63.5
64.5 63.5
64.5 63.5
64.5 63.5
64.5 63.5
64.5 63.5
64.5 63.5
64.5 63.5
64.5 63.5
64.5 63.5
64.5 63.5
64.5 63.5
64.5 63.5
64.5 63.5
64.5 63.5
64.5 63.5
64.5 63.5
64.5 63.5
64.5 63.5
64.5 63.5
64.5 63.5
64.5 63.5
64.5 63.5
64.5 63.5
64.5 63.5
64.5 63.5
64.5 63.5
64.5 63.5
64.5 63.5
64.5 63.5
64.5 63.5
64.5 63.5
64.5 63.5
64.5 63.5
64.5 63.5
64.5 63.5
64.5 63.5
64.5 63.5
64.5 63.5
64.5 63.5
64.5 63.5
64.5 63.5
64.5 63.5
64.5 63.5
64.5 63.5
64.5 63.5
64.5 63.5
64.5 63.5
64.5 63.5
64.5 63.5
64.5 63.5
64.5 63.5
64.5 63.5
64.5 63.5
64.5 63.5
64.5 63.5
64.5 63.5
64.5 63.5
64.5 63.5
64.5 63.5
64.5 63.5
64.5 63.5
64.5 63.5
64.5 63.5
64.5 63.5
64.5 63.5
64.5 63.5
64.5 63.5
64.5 63.5
64.5 63.5
64.5 63.5
64.5 63.5
64.5 63.5
64.5 63.5
64.5 63.5
64.5 63.5
64.5 63.5
64.5 63.5
64.5 63.5
64.5 63.5
64.5 63.5
64.5 63.5
64.5 63.5
64.5 63.5
64.5 63.5
64.5 63.5
64.5 63.5
64.5 63.5
64.5 63.5
64.5 63.5
64.5 64.5
64.5 64.5
64.5 64.5
64.5 64.5
64.5 64.5
64.5 64.5
64.5 64.5
64.5 64.5
64.5 64.5
64.5 64.5
64.5 64.5
64.5 64.5
64.5 64.5
64.5 64.5
64.5 64.5
64.5 64.5
64.5 64.5
64.5 64.5
64.5 64.5
64.5 64.5
64.5 64.5
64.5 64.5
64.5 64.5
64.5 64.5
64.5 64.5
64.5 64.5
64.5 64.5
64.5 64.5
64.5 64.5
64.5 64.5
64.5 64.5
64.5 64.5
64.5 64.5
64.5 64.5
64.5 64.5
64.5 64.5
64.5 64.5
64.5 64.5
64.5 64.5
64.5 64.5
64.5 64.5
64.5 64.5
64.5 64.5
64.5 64.5
64.5 64.5
64.5 64.5
64.5 64.5
64.5 64.5
64.5 64.5
64.5 64.5
64.5 64.5
64.5 64.5
64.5 64.5
64.5 64.5
64.5 64.5
64.5 64.5
64.5 64.5
64.5 64.5
64.5 64.5
64.5 64.5
64.5 64.5
64.5 64.5
64.5 64.5
64.5 64.5
64.5 64.5
64.5 64.5
64.5 64.5
64.5 64.5
64.5 64.5
64.5 64.5
64.5 64.5
64.5 64.5
64.5 64.5
64.5 64.5
64.5 64.5
64.5 64.5
64.5 64.5
64.5 64.5
64.5 64.5
64.5 64.5
64.5 64.5
64.5 64.5
64.5 64.5
64.5 64.5
64.5 64.5
64.5 64.5
64.5 64.5
64.5 64.5
64.5 64.5
64.5 64.5
64.5 64.5
64.5 64.5
64.5 64.5
64.5 64.5
64.5 64.5
64.5 64.5
64.5 64.5
64.5 64.5
64.5 64.5
64.5 64.5
64.5 64.5
64.5 64.5
64.5 64.5
64.5 64.5
64.5 64.5
64.5 64.5
64.5 64.5
64.5 64.5
64.5 64.5
64.5 64.5
64.5 64.5
64.5 65.5
64.5 65.5
64.5 65.5
64.5 65.5
64.5 65.5
64.5 65.5
64.5 65.5
64.5 65.5
64.5 65.5
64.5 65.5
64.5 65.5
64.5 65.5
64.5 65.5
64.5 65.5
64.5 65.5
64.5 65.5
64.5 65.5
64.5 65.5
64.5 65.5
64.5 65.5
64.5 65.5
64.5 65.5
64.5 65.5
64.5 65.5
64.5 65.5
64.5 65.5
64.5 65.5
64.5 65.5
64.5 65.5
64.5 65.5
64.5 65.5
64.5 65.5
64.5 65.5
64.5 65.5
64.5 65.5
64.5 65.5
64.5 65.5
64.5 65.5
64.5 65.5
64.5 65.5
64.5 65.5
64.5 65.5
64.5 65.5
64.5 65.5
64.5 65.5
64.5 65.5
64.5 65.5
64.5 65.5
64.5 65.5
64.5 65.5
64.5 65.5
64.5 65.5
64.5 65.5
64.5 65.5
64.5 65.5
64.5 65.5
64.5 65.5
64.5 65.5
64.5 65.5
64.5 65.5
64.5 65.5
64.5 65.5
64.5 65.5
64.5 65.5
64.5 65.5
64.5 65.5
64.5 65.5
64.5 65.5
64.5 65.5
64.5 65.5
64.5 65.5
64.5 65.5
64.5 65.5
64.5 65.5
64.5 65.5
64.5 66.5
64.5 66.5
64.5 66.5
64.5 66.5
64.5 66.5
64.5 66.5
64.5 66.5
64.5 66.5
64.5 66.5
64.5 66.5
64.5 66.5
64.5 66.5
64.5 66.5
64.5 66.5
64.5 67.5
64.5 67.5
64.5 67.5
64.5 67.5
64.5 67.5
64.5 67.5
64.5 68.5
64.5 68.5
65.5 57.5
65.5 58.5
65.5 58.5
65.5 58.5
65.5 58.5
65.5 59.5
65.5 59.5
65.5 59.5
65.5 59.5
65.5 59.5
65.5 59.5
65.5 59.5
65.5 59.5
65.5 59.5
65.5 59.5
65.5 59.5
65.5 59.5
65.5 59.5
65.5 59.5
65.5 59.5
65.5 59.5
65.5 59.5
65.5 59.5
65.5 59.5
65.5 59.5
65.5 59.5
65.5 59.5
65.5 59.5
65.5 60.5
65.5 60.5
65.5 60.5
65.5 60.5
65.5 60.5
65.5 60.5
65.5 60.5
65.5 60.5
65.5 60.5
65.5 60.5
65.5 60.5
65.5 60.5
65.5 60.5
65.5 60.5
65.5 60.5
65.5 60.5
65.5 60.5
65.5 60.5
65.5 60.5
65.5 60.5
65.5 60.5
65.5 60.5
65.5 60.5
65.5 60.5
65.5 60.5
65.5 60.5
65.5 60.5
65.5 60.5
65.5 60.5
65.5 60.5
65.5 60.5
65.5 60.5
65.5 60.5
65.5 60.5
65.5 60.5
65.5 60.5
65.5 60.5
65.5 60.5
65.5 60.5
65.5 60.5
65.5 60.5
65.5 60.5
65.5 61.5
65.5 61.5
65.5 61.5
65.5 61.5
65.5 61.5
65.5 61.5
65.5 61.5
65.5 61.5
65.5 61.5
65.5 61.5
65.5 61.5
65.5 61.5
65.5 61.5
65.5 61.5
65.5 61.5
65.5 61.5
65.5 61.5
65.5 61.5
65.5 61.5
65.5 61.5
65.5 61.5
65.5 61.5
65.5 61.5
65.5 61.5
65.5 61.5
65.5 61.5
65.5 61.5
65.5 61.5
65.5 61.5
65.5 61.5
65.5 61.5
65.5 61.5
65.5 61.5
65.5 61.5
65.5 61.5
65.5 61.5
65.5 61.5
65.5 61.5
65.5 61.5
65.5 61.5
65.5 61.5
65.5 61.5
65.5 61.5
65.5 61.5
65.5 61.5
65.5 61.5
65.5 61.5
65.5 61.5
65.5 61.5
65.5 61.5
65.5 61.5
65.5 61.5
65.5 61.5
65.5 61.5
65.5 61.5
65.5 61.5
65.5 61.5
65.5 61.5
65.5 61.5
65.5 61.5
65.5 61.5
65.5 61.5
65.5 61.5
65.5 61.5
65.5 61.5
65.5 61.5
65.5 61.5
65.5 61.5
65.5 61.5
65.5 61.5
65.5 61.5
65.5 61.5
65.5 62.5
65.5 62.5
65.5 62.5
65.5 62.5
65.5 62.5
65.5 62.5
65.5 62.5
65.5 62.5
65.5 62.5
65.5 62.5
65.5 62.5
65.5 62.5
65.5 62.5
65.5 62.5
65.5 62.5
65.5 62.5
65.5 62.5
65.5 62.5
65.5 62.5
65.5 62.5
65.5 62.5
65.5 62.5
65.5 62.5
65.5 62.5
65.5 62.5
65.5 62.5
65.5 62.5
65.5 62.5
65.5 62.5
65.5 62.5
65.5 62.5
65.5 62.5
65.5 62.5
65.5 62.5
65.5 62.5
65.5 62.5
65.5 62.5
65.5 62.5
65.5 62.5
65.5 62.5
65.5 62.5
65.5 62.5
65.5 62.5
65.5 62.5
65.5 62.5
65.5 62.5
65.5 62.5
65.5 62.5
65.5 62.5
65.5 62.5
65.5 62.5
65.5 62.5
65.5 62.5
65.5 62.5
65.5 62.5
65.5 62.5
65.5 62.5
65.5 62.5
65.5 62.5
65.5 62.5
65.5 62.5
65.5 62.5
65.5 62.5
65.5 62.5
65.5 62.5
65.5 62.5
65.5 62.5
65.5 62.5
65.5 62.5
65.5 62.5
65.5 62.5
65.5 62.5
65.5 62.5
65.5 62.5
65.5 62.5
65.5 62.5
65.5 62.5
65.5 62.5
65.5 62.5
65.5 62.5
65.5 62.5
65.5 62.5
65.5 62.5
65.5 62.5
65.5 62.5
65.5 62.5
65.5 62.5
65.5 62.5
65.5 62.5
65.5 62.5
65.5 62.5
65.5 62.5
65.5 62.5
65.5 62.5
65.5 62.5
65.5 62.5
65.5 62.5
65.5 62.5
65.5 62.5
65.5 62.5
65.5 62.5
65.5 62.5
65.5 62.5
65.5 62.5
65.5 62.5
65.5 62.5
65.5 62.5
65.5 62.5
65.5 62.5
65.5 62.5
65.5 63.5
65.5 63.5
65.5 63.5
65.5 63.5
65.5 63.5
65.5 63.5
65.5 63.5
65.5 63.5
65.5 63.5
65.5 63.5
65.5 63.5
65.5 63.5
65.5 63.5
65.5 63.5
65.5 63.5
65.5 63.5
65.5 63.5
65.5 63.5
65.5 63.5
65.5 63.5
65.5 63.5
65.5 63.5
65.5 63.5
65.5 63.5
65.5 63.5
65.5 63.5
65.5 63.5
65.5 63.5
65.5 63.5
65.5 63.5
65.5 63.5
65.5 63.5
65.5 63.5
65.5 63.5
65.5 63.5
65.5 63.5
65.5 63.5
65.5 63.5
65.5 63.5
65.5 63.5
65.5 63.5
65.5 63.5
65.5 63.5
65.5 63.5
65.5 63.5
65.5 63.5
65.5 63.5
65.5 63.5
65.5 63.5
65.5 63.5
65.5 63.5
65.5 63.5
65.5 63.5
65.5 63.5
65.5 63.5
65.5 63.5
65.5 63.5
65.5 63.5
65.5 63.5
65.5 63.5
65.5 63.5
65.5 63.5
65.5 63.5
65.5 63.5
65.5 63.5
65.5 63.5
65.5 63.5
65.5 63.5
65.5 63.5
65.5 63.5
65.5 63.5
65.5 63.5
65.5 63.5
65.5 63.5
65.5 63.5
65.5 63.5
65.5 63.5
65.5 63.5
65.5 63.5
65.5 63.5
65.5 63.5
65.5 63.5
65.5 63.5
65.5 63.5
65.5 63.5
65.5 63.5
65.5 63.5
65.5 63.5
65.5 63.5
65.5 63.5
65.5 63.5
65.5 63.5
65.5 63.5
65.5 63.5
65.5 63.5
65.5 63.5
65.5 63.5
65.5 63.5
65.5 63.5
65.5 63.5
65.5 63.5
65.5 63.5
65.5 63.5
65.5 63.5
65.5 63.5
65.5 63.5
65.5 63.5
65.5 63.5
65.5 63.5
65.5 63.5
65.5 63.5
65.5 63.5
65.5 63.5
65.5 63.5
65.5 63.5
65.5 63.5
65.5 63.5
65.5 63.5
65.5 63.5
65.5 63.5
65.5 63.5
65.5 63.5
65.5 63.5
65.5 63.5
65.5 63.5
65.5 63.5
65.5 63.5
65.5 63.5
65.5 63.5
65.5 63.5
65.5 63.5
65.5 63.5
65.5 63.5
65.5 63.5
65.5 63.5
65.5 63.5
65.5 63.5
65.5 63.5
65.5 63.5
65.5 63.5
65.5 64.5
65.5 64.5
65.5 64.5
65.5 64.5
65.5 64.5
65.5 64.5
65.5 64.5
65.5 64.5
65.5 64.5
65.5 64.5
65.5 64.5
65.5 64.5
65.5 64.5
65.5 64.5
65.5 64.5
65.5 64.5
65.5 64.5
65.5 64.5
65.5 64.5
65.5 64.5
65.5 64.5
65.5 64.5
65.5 64.5
65.5 64.5
65.5 64.5
65.5 64.5
65.5 64.5
65.5 64.5
65.5 64.5
65.5 64.5
65.5 64.5
65.5 64.5
65.5 64.5
65.5 64.5
65.5 64.5
65.5 64.5
65.5 64.5
65.5 64.5
65.5 64.5
65.5 64.5
65.5 64.5
65.5 64.5
65.5 64.5
65.5 64.5
65.5 64.5
65.5 64.5
65.5 64.5
65.5 64.5
65.5 64.5
65.5 64.5
65.5 64.5
65.5 64.5
65.5 64.5
65.5 64.5
65.5 64.5
65.5 64.5
65.5 64.5
65.5 64.5
65.5 64.5
65.5 64.5
65.5 64.5
65.5 64.5
65.5 64.5
65.5 64.5
65.5 64.5
65.5 64.5
65.5 64.5
65.5 64.5
65.5 64.5
65.5 64.5
65.5 64.5
65.5 64.5
65.5 64.5
65.5 64.5
65.5 64.5
65.5 64.5
65.5 64.5
65.5 64.5
65.5 64.5
65.5 64.5
65.5 64.5
65.5 64.5
65.5 64.5
65.5 64.5
65.5 64.5
65.5 64.5
65.5 64.5
65.5 64.5
65.5 64.5
65.5 64.5
65.5 64.5
65.5 64.5
65.5 64.5
65.5 64.5
65.5 64.5
65.5 64.5
65.5 64.5
65.5 64.5
65.5 64.5
65.5 64.5
65.5 64.5
65.5 64.5
65.5 64.5
65.5 64.5
65.5 65.5
65.5 65.5
65.5 65.5
65.5 65.5
65.5 65.5
65.5 65.5
65.5 65.5
65.5 65.5
65.5 65.5
65.5 65.5
65.5 65.5
65.5 65.5
65.5 65.5
65.5 65.5
65.5 65.5
65.5 65.5
65.5 65.5
65.5 65.5
65.5 65.5
65.5 65.5
65.5 65.5
65.5 65.5
65.5 65.5
65.5 65.5
65.5 65.5
65.5 65.5
65.5 65.5
65.5 65.5
65.5 65.5
65.5 65.5
65.5 65.5
65.5 65.5
65.5 65.5
65.5 65.5
65.5 65.5
65.5 65.5
65.5 65.5
65.5 65.5
65.5 65.5
65.5 65.5
65.5 65.5
65.5 65.5
65.5 65.5
65.5 65.5
65.5 65.5
65.5 65.5
65.5 65.5
65.5 65.5
65.5 65.5
65.5 65.5
65.5 65.5
65.5 65.5
65.5 65.5
65.5 65.5
65.5 65.5
65.5 65.5
65.5 65.5
65.5 65.5
65.5 65.5
65.5 65.5
65.5 65.5
65.5 65.5
65.5 65.5
65.5 65.5
65.5 65.5
65.5 65.5
65.5 66.5
65.5 66.5
65.5 66.5
65.5 66.5
65.5 66.5
65.5 66.5
65.5 66.5
65.5 66.5
65.5 66.5
65.5 66.5
65.5 66.5
65.5 66.5
65.5 66.5
65.5 66.5
65.5 66.5
65.5 66.5
65.5 66.5
65.5 66.5
65.5 66.5
65.5 66.5
65.5 66.5
65.5 66.5
65.5 66.5
65.5 66.5
65.5 66.5
65.5 66.5
65.5 66.5
65.5 66.5
65.5 66.5
65.5 66.5
65.5 66.5
65.5 66.5
65.5 66.5
65.5 66.5
65.5 66.5
65.5 66.5
65.5 66.5
65.5 66.5
65.5 66.5
65.5 66.5
65.5 66.5
65.5 66.5
65.5 66.5
65.5 66.5
65.5 66.5
65.5 66.5
65.5 66.5
65.5 66.5
65.5 66.5
65.5 67.5
65.5 67.5
65.5 67.5
65.5 67.5
65.5 67.5
65.5 67.5
65.5 67.5
65.5 67.5
65.5 67.5
65.5 67.5
65.5 67.5
65.5 67.5
65.5 67.5
65.5 70.5
65.5 70.5
66.5 57.5
66.5 58.5
66.5 58.5
66.5 58.5
66.5 58.5
66.5 58.5
66.5 59.5
66.5 59.5
66.5 59.5
66.5 59.5
66.5 59.5
66.5 59.5
66.5 59.5
66.5 59.5
66.5 59.5
66.5 59.5
66.5 59.5
66.5 59.5
66.5 59.5
66.5 60.5
66.5 60.5
66.5 60.5
66.5 60.5
66.5 60.5
66.5 60.5
66.5 60.5
66.5 60.5
66.5 60.5
66.5 60.5
66.5 60.5
66.5 60.5
66.5 60.5
66.5 60.5
66.5 60.5
66.5 60.5
66.5 60.5
66.5 60.5
66.5 60.5
66.5 60.5
66.5 60.5
66.5 60.5
66.5 60.5
66.5 60.5
66.5 60.5
66.5 60.5
66.5 60.5
66.5 60.5
66.5 60.5
66.5 60.5
66.5 60.5
66.5 60.5
66.5 60.5
66.5 60.5
66.5 60.5
66.5 60.5
66.5 60.5
66.5 60.5
66.5 60.5
66.5 60.5
66.5 60.5
66.5 61.5
66.5 61.5
66.5 61.5
66.5 61.5
66.5 61.5
66.5 61.5
66.5 61.5
66.5 61.5
66.5 61.5
66.5 61.5
66.5 61.5
66.5 61.5
66.5 61.5
66.5 61.5
66.5 61.5
66.5 61.5
66.5 61.5
66.5 61.5
66.5 61.5
66.5 61.5
66.5 61.5
66.5 61.5
66.5 61.5
66.5 61.5
66.5 61.5
66.5 61.5
66.5 61.5
66.5 61.5
66.5 61.5
66.5 61.5
66.5 61.5
66.5 61.5
66.5 61.5
66.5 61.5
66.5 61.5
66.5 61.5
66.5 61.5
66.5 61.5
66.5 61.5
66.5 61.5
66.5 61.5
66.5 61.5
66.5 61.5
66.5 61.5
66.5 61.5
66.5 61.5
66.5 61.5
66.5 61.5
66.5 61.5
66.5 61.5
66.5 61.5
66.5 61.5
66.5 61.5
66.5 61.5
66.5 61.5
66.5 61.5
66.5 61.5
66.5 61.5
66.5 61.5
66.5 62.5
66.5 62.5
66.5 62.5
66.5 62.5
66.5 62.5
66.5 62.5
66.5 62.5
66.5 62.5
66.5 62.5
66.5 62.5
66.5 62.5
66.5 62.5
66.5 62.5
66.5 62.5
66.5 62.5
66.5 62.5
66.5 62.5
66.5 62.5
66.5 62.5
66.5 62.5
66.5 62.5
66.5 62.5
66.5 62.5
66.5 62.5
66.5 62.5
66.5 62.5
66.5 62.5
66.5 62.5
66.5 62.5
66.5 62.5
66.5 62.5
66.5 62.5
66.5 62.5
66.5 62.5
66.5 62.5
66.5 62.5
66.5 62.5
66.5 62.5
66.5 62.5
66.5 62.5
66.5 62.5
66.5 62.5
66.5 62.5
66.5 62.5
66.5 62.5
66.5 62.5
66.5 62.5
66.5 62.5
66.5 62.5
66.5 62.5
66.5 62.5
66.5 62.5
66.5 62.5
66.5 62.5
66.5 62.5
66.5 62.5
66.5 62.5
66.5 62.5
66.5 62.5
66.5 62.5
66.5 62.5
66.5 62.5
66.5 62.5
66.5 62.5
66.5 62.5
66.5 62.5
66.5 62.5
66.5 62.5
66.5 62.5
66.5 62.5
66.5 62.5
66.5 62.5
66.5 62.5
66.5 62.5
66.5 62.5
66.5 62.5
66.5 62.5
66.5 62.5
66.5 62.5
66.5 62.5
66.5 62.5
66.5 62.5
66.5 62.5
66.5 62.5
66.5 62.5
66.5 62.5
66.5 62.5
66.5 62.5
66.5 62.5
66.5 62.5
66.5 62.5
66.5 62.5
66.5 63.5
66.5 63.5
66.5 63.5
66.5 63.5
66.5 63.5
66.5 63.5
66.5 63.5
66.5 63.5
66.5 63.5
66.5 63.5
66.5 63.5
66.5 63.5
66.5 63.5
66.5 63.5
66.5 63.5
66.5 63.5
66.5 63.5
66.5 63.5
66.5 63.5
66.5 63.5
66.5 63.5
66.5 63.5
66.5 63.5
66.5 63.5
66.5 63.5
66.5 63.5
66.5 63.5
66.5 63.5
66.5 63.5
66.5 63.5
66.5 63.5
66.5 63.5
66.5 63.5
66.5 63.5
66.5 63.5
66.5 63.5
66.5 63.5
66.5 63.5
66.5 63.5
66.5 63.5
66.5 63.5
66.5 63.5
66.5 63.5
66.5 63.5
66.5 63.5
66.5 63.5
66.5 63.5
66.5 63.5
66.5 63.5
66.5 63.5
66.5 63.5
66.5 63.5
66.5 63.5
66.5 63.5
66.5 63.5
66.5 63.5
66.5 63.5
66.5 63.5
66.5 63.5
66.5 63.5
66.5 63.5
66.5 63.5
66.5 63.5
66.5 63.5
66.5 63.5
66.5 63.5
66.5 63.5
66.5 63.5
66.5 63.5
66.5 63.5
66.5 63.5
66.5 63.5
66.5 63.5
66.5 63.5
66.5 63.5
66.5 63.5
66.5 63.5
66.5 63.5
66.5 63.5
66.5 63.5
66.5 63.5
66.5 63.5
66.5 63.5
66.5 63.5
66.5 63.5
66.5 63.5
66.5 63.5
66.5 63.5
66.5 63.5
66.5 63.5
66.5 63.5
66.5 63.5
66.5 63.5
66.5 63.5
66.5 63.5
66.5 63.5
66.5 63.5
66.5 63.5
66.5 63.5
66.5 63.5
66.5 63.5
66.5 63.5
66.5 63.5
66.5 63.5
66.5 63.5
66.5 63.5
66.5 63.5
66.5 63.5
66.5 63.5
66.5 63.5
66.5 63.5
66.5 63.5
66.5 63.5
66.5 63.5
66.5 63.5
66.5 63.5
66.5 63.5
66.5 64.5
66.5 64.5
66.5 64.5
66.5 64.5
66.5 64.5
66.5 64.5
66.5 64.5
66.5 64.5
66.5 64.5
66.5 64.5
66.5 64.5
66.5 64.5
66.5 64.5
66.5 64.5
66.5 64.5
66.5 64.5
66.5 64.5
66.5 64.5
66.5 64.5
66.5 64.5
66.5 64.5
66.5 64.5
66.5 64.5
66.5 64.5
66.5 64.5
66.5 64.5
66.5 64.5
66.5 64.5
66.5 64.5
66.5 64.5
66.5 64.5
66.5 64.5
66.5 64.5
66.5 64.5
66.5 64.5
66.5 64.5
66.5 64.5
66.5 64.5
66.5 64.5
66.5 64.5
66.5 64.5
66.5 64.5
66.5 64.5
66.5 64.5
66.5 64.5
66.5 64.5
66.5 64.5
66.5 64.5
66.5 64.5
66.5 64.5
66.5 64.5
66.5 64.5
66.5 64.5
66.5 64.5
66.5 64.5
66.5 64.5
66.5 64.5
66.5 64.5
66.5 64.5
66.5 64.5
66.5 64.5
66.5 64.5
66.5 64.5
66.5 64.5
66.5 64.5
66.5 64.5
66.5 64.5
66.5 64.5
66.5 64.5
66.5 64.5
66.5 64.5
66.5 64.5
66.5 64.5
66.5 64.5
66.5 64.5
66.5 64.5
66.5 64.5
66.5 64.5
66.5 64.5
66.5 64.5
66.5 64.5
66.5 64.5
66.5 64.5
66.5 64.5
66.5 64.5
66.5 64.5
66.5 64.5
66.5 65.5
66.5 65.5
66.5 65.5
66.5 65.5
66.5 65.5
66.5 65.5
66.5 65.5
66.5 65.5
66.5 65.5
66.5 65.5
66.5 65.5
66.5 65.5
66.5 65.5
66.5 65.5
66.5 65.5
66.5 65.5
66.5 65.5
66.5 65.5
66.5 65.5
66.5 65.5
66.5 65.5
66.5 65.5
66.5 65.5
66.5 65.5
66.5 65.5
66.5 65.5
66.5 65.5
66.5 65.5
66.5 65.5
66.5 65.5
66.5 65.5
66.5 65.5
66.5 65.5
66.5 65.5
66.5 65.5
66.5 65.5
66.5 65.5
66.5 65.5
66.5 65.5
66.5 65.5
66.5 65.5
66.5 65.5
66.5 65.5
66.5 65.5
66.5 65.5
66.5 65.5
66.5 65.5
66.5 65.5
66.5 65.5
66.5 65.5
66.5 65.5
66.5 65.5
66.5 65.5
66.5 65.5
66.5 65.5
66.5 65.5
66.5 65.5
66.5 65.5
66.5 65.5
66.5 65.5
66.5 65.5
66.5 65.5
66.5 65.5
66.5 65.5
66.5 65.5
66.5 66.5
66.5 66.5
66.5 66.5
66.5 66.5
66.5 66.5
66.5 66.5
66.5 66.5
66.5 66.5
66.5 66.5
66.5 66.5
66.5 66.5
66.5 66.5
66.5 66.5
66.5 66.5
66.5 66.5
66.5 66.5
66.5 66.5
66.5 66.5
66.5 66.5
66.5 66.5
66.5 66.5
66.5 66.5
66.5 66.5
66.5 66.5
66.5 66.5
66.5 66.5
66.5 66.5
66.5 66.5
66.5 66.5
66.5 66.5
66.5 66.5
66.5 66.5
66.5 66.5
66.5 66.5
66.5 66.5
66.5 66.5
66.5 66.5
66.5 66.5
66.5 66.5
66.5 66.5
66.5 66.5
66.5 66.5
66.5 66.5
66.5 66.5
66.5 66.5
66.5 66.5
66.5 66.5
66.5 66.5
66.5 66.5
66.5 66.5
66.5 66.5
66.5 66.5
66.5 66.5
66.5 66.5
66.5 66.5
66.5 66.5
66.5 66.5
66.5 66.5
66.5 66.5
66.5 66.5
66.5 66.5
66.5 66.5
66.5 66.5
66.5 67.5
66.5 67.5
66.5 67.5
66.5 67.5
66.5 67.5
66.5 67.5
66.5 67.5
66.5 67.5
66.5 67.5
66.5 67.5
66.5 67.5
66.5 68.5
66.5 68.5
66.5 68.5
66.5 68.5
66.5 68.5
66.5 68.5
66.5 68.5
66.5 68.5
66.5 69.5
66.5 69.5
66.5 70.5
66.5 70.5
67.5 59.5
67.5 59.5
67.5 59.5
67.5 59.5
67.5 59.5
67.5 59.5
67.5 60.5
67.5 60.5
67.5 60.5
67.5 60.5
67.5 60.5
67.5 60.5
67.5 60.5
67.5 60.5
67.5 60.5
67.5 60.5
67.5 60.5
67.5 60.5
67.5 60.5
67.5 60.5
67.5 60.5
67.5 60.5
67.5 60.5
67.5 60.5
67.5 60.5
67.5 60.5
67.5 60.5
67.5 60.5
67.5 61.5
67.5 61.5
67.5 61.5
67.5 61.5
67.5 61.5
67.5 61.5
67.5 61.5
67.5 61.5
67.5 61.5
67.5 61.5
67.5 61.5
67.5 61.5
67.5 61.5
67.5 61.5
67.5 61.5
67.5 61.5
67.5 61.5
67.5 61.5
67.5 61.5
67.5 61.5
67.5 61.5
67.5 61.5
67.5 61.5
67.5 61.5
67.5 61.5
67.5 61.5
67.5 61.5
67.5 61.5
67.5 61.5
67.5 61.5
67.5 61.5
67.5 62.5
67.5 62.5
67.5 62.5
67.5 62.5
67.5 62.5
67.5 62.5
67.5 62.5
67.5 62.5
67.5 62.5
67.5 62.5
67.5 62.5
67.5 62.5
67.5 62.5
67.5 62.5
67.5 62.5
67.5 62.5
67.5 62.5
67.5 62.5
67.5 62.5
67.5 62.5
67.5 62.5
67.5 62.5
67.5 62.5
67.5 62.5
67.5 62.5
67.5 62.5
67.5 62.5
67.5 62.5
67.5 62.5
67.5 62.5
67.5 62.5
67.5 63.5
67.5 63.5
67.5 63.5
67.5 63.5
67.5 63.5
67.5 63.5
67.5 63.5
67.5 63.5
67.5 63.5
67.5 63.5
67.5 63.5
67.5 63.5
67.5 63.5
67.5 63.5
67.5 63.5
67.5 63.5
67.5 63.5
67.5 63.5
67.5 63.5
67.5 63.5
67.5 63.5
67.5 63.5
67.5 63.5
67.5 63.5
67.5 63.5
67.5 63.5
67.5 63.5
67.5 63.5
67.5 63.5
67.5 63.5
67.5 63.5
67.5 63.5
67.5 63.5
67.5 63.5
67.5 63.5
67.5 63.5
67.5 63.5
67.5 63.5
67.5 63.5
67.5 63.5
67.5 63.5
67.5 63.5
67.5 63.5
67.5 63.5
67.5 63.5
67.5 63.5
67.5 63.5
67.5 63.5
67.5 63.5
67.5 63.5
67.5 63.5
67.5 63.5
67.5 63.5
67.5 63.5
67.5 63.5
67.5 63.5
67.5 63.5
67.5 63.5
67.5 63.5
67.5 63.5
67.5 64.5
67.5 64.5
67.5 64.5
67.5 64.5
67.5 64.5
67.5 64.5
67.5 64.5
67.5 64.5
67.5 64.5
67.5 64.5
67.5 64.5
67.5 64.5
67.5 64.5
67.5 64.5
67.5 64.5
67.5 64.5
67.5 64.5
67.5 64.5
67.5 64.5
67.5 64.5
67.5 64.5
67.5 64.5
67.5 64.5
67.5 64.5
67.5 64.5
67.5 64.5
67.5 64.5
67.5 64.5
67.5 64.5
67.5 64.5
67.5 64.5
67.5 64.5
67.5 64.5
67.5 64.5
67.5 64.5
67.5 64.5
67.5 64.5
67.5 64.5
67.5 64.5
67.5 64.5
67.5 64.5
67.5 64.5
67.5 64.5
67.5 64.5
67.5 64.5
67.5 64.5
67.5 64.5
67.5 64.5
67.5 64.5
67.5 64.5
67.5 64.5
67.5 64.5
67.5 64.5
67.5 64.5
67.5 64.5
67.5 64.5
67.5 64.5
67.5 65.5
67.5 65.5
67.5 65.5
67.5 65.5
67.5 65.5
67.5 65.5
67.5 65.5
67.5 65.5
67.5 65.5
67.5 65.5
67.5 65.5
67.5 65.5
67.5 65.5
67.5 65.5
67.5 65.5
67.5 65.5
67.5 65.5
67.5 65.5
67.5 65.5
67.5 65.5
67.5 65.5
67.5 65.5
67.5 65.5
67.5 65.5
67.5 65.5
67.5 65.5
67.5 65.5
67.5 65.5
67.5 65.5
67.5 65.5
67.5 65.5
67.5 65.5
67.5 65.5
67.5 65.5
67.5 65.5
67.5 65.5
67.5 65.5
67.5 65.5
67.5 65.5
67.5 65.5
67.5 65.5
67.5 65.5
67.5 65.5
67.5 65.5
67.5 65.5
67.5 66.5
67.5 66.5
67.5 66.5
67.5 66.5
67.5 66.5
67.5 66.5
67.5 66.5
67.5 66.5
67.5 66.5
67.5 66.5
67.5 66.5
67.5 66.5
67.5 66.5
67.5 66.5
67.5 66.5
67.5 66.5
67.5 66.5
67.5 66.5
67.5 66.5
67.5 66.5
67.5 66.5
67.5 66.5
67.5 66.5
67.5 66.5
67.5 66.5
67.5 66.5
67.5 66.5
67.5 66.5
67.5 66.5
67.5 66.5
67.5 66.5
67.5 66.5
67.5 66.5
67.5 67.5
67.5 67.5
67.5 67.5
67.5 67.5
67.5 67.5
67.5 67.5
67.5 67.5
67.5 67.5
67.5 67.5
67.5 67.5
67.5 67.5
67.5 67.5
67.5 67.5
67.5 67.5
67.5 67.5
67.5 67.5
67.5 67.5
67.5 67.5
67.5 67.5
67.5 67.5
67.5 68.5
67.5 68.5
67.5 68.5
67.5 68.5
67.5 68.5
67.5 69.5
67.5 69.5
67.5 70.5
67.5 70.5
67.5 70.5
67.5 70.5
68.5 59.5
68.5 59.5
68.5 61.5
68.5 61.5
68.5 61.5
68.5 61.5
68.5 61.5
68.5 61.5
68.5 61.5
68.5 61.5
68.5 61.5
68.5 61.5
68.5 61.5
68.5 61.5
68.5 61.5
68.5 61.5
68.5 61.5
68.5 61.5
68.5 61.5
68.5 61.5
68.5 61.5
68.5 61.5
68.5 61.5
68.5 61.5
68.5 61.5
68.5 62.5
68.5 62.5
68.5 62.5
68.5 62.5
68.5 62.5
68.5 62.5
68.5 62.5
68.5 62.5
68.5 62.5
68.5 62.5
68.5 62.5
68.5 62.5
68.5 62.5
68.5 62.5
68.5 62.5
68.5 62.5
68.5 62.5
68.5 62.5
68.5 62.5
68.5 62.5
68.5 62.5
68.5 62.5
68.5 62.5
68.5 63.5
68.5 63.5
68.5 63.5
68.5 63.5
68.5 63.5
68.5 63.5
68.5 63.5
68.5 63.5
68.5 63.5
68.5 63.5
68.5 63.5
68.5 63.5
68.5 63.5
68.5 63.5
68.5 63.5
68.5 63.5
68.5 63.5
68.5 63.5
68.5 63.5
68.5 63.5
68.5 63.5
68.5 63.5
68.5 63.5
68.5 63.5
68.5 63.5
68.5 63.5
68.5 64.5
68.5 64.5
68.5 64.5
68.5 64.5
68.5 64.5
68.5 64.5
68.5 64.5
68.5 64.5
68.5 64.5
68.5 64.5
68.5 64.5
68.5 64.5
68.5 64.5
68.5 64.5
68.5 64.5
68.5 64.5
68.5 64.5
68.5 64.5
68.5 64.5
68.5 64.5
68.5 64.5
68.5 64.5
68.5 64.5
68.5 64.5
68.5 64.5
68.5 64.5
68.5 65.5
68.5 65.5
68.5 65.5
68.5 65.5
68.5 65.5
68.5 65.5
68.5 65.5
68.5 65.5
68.5 65.5
68.5 65.5
68.5 65.5
68.5 65.5
68.5 65.5
68.5 65.5
68.5 65.5
68.5 65.5
68.5 65.5
68.5 65.5
68.5 65.5
68.5 65.5
68.5 65.5
68.5 65.5
68.5 65.5
68.5 66.5
68.5 66.5
68.5 66.5
68.5 66.5
68.5 66.5
68.5 66.5
68.5 66.5
68.5 66.5
68.5 66.5
68.5 66.5
68.5 66.5
68.5 66.5
68.5 66.5
68.5 67.5
68.5 67.5
68.5 67.5
68.5 67.5
68.5 67.5
68.5 67.5
68.5 67.5
68.5 67.5
68.5 67.5
68.5 67.5
68.5 67.5
68.5 67.5
68.5 67.5
68.5 67.5
68.5 67.5
68.5 67.5
68.5 67.5
68.5 67.5
68.5 67.5
68.5 68.5
68.5 68.5
68.5 68.5
68.5 68.5
68.5 68.5
68.5 69.5
68.5 69.5
68.5 69.5
68.5 69.5
69.5 62.5
69.5 62.5
69.5 62.5
69.5 62.5
69.5 63.5
69.5 63.5
69.5 63.5
69.5 63.5
69.5 63.5
69.5 63.5
69.5 63.5
69.5 63.5
69.5 63.5
69.5 63.5
69.5 64.5
69.5 64.5
69.5 64.5
69.5 64.5
69.5 64.5
69.5 64.5
69.5 64.5
69.5 64.5
69.5 64.5
69.5 64.5
69.5 64.5
69.5 64.5
69.5 64.5
69.5 64.5
69.5 64.5
69.5 64.5
69.5 64.5
69.5 64.5
69.5 64.5
69.5 64.5
69.5 64.5
69.5 65.5
69.5 65.5
69.5 65.5
69.5 65.5
69.5 65.5
69.5 65.5
69.5 65.5
69.5 65.5
69.5 65.5
69.5 65.5
69.5 65.5
69.5 65.5
69.5 65.5
69.5 66.5
69.5 66.5
69.5 66.5
69.5 66.5
69.5 66.5
69.5 66.5
69.5 66.5
69.5 66.5
69.5 66.5
69.5 66.5
69.5 66.5
69.5 66.5
69.5 66.5
69.5 67.5
69.5 67.5
69.5 67.5
69.5 68.5
69.5 68.5
69.5 68.5
69.5 68.5
69.5 69.5
69.5 69.5
69.5 69.5
69.5 69.5
69.5 70.5
69.5 70.5
70.5 62.5
70.5 62.5
70.5 62.5
70.5 62.5
70.5 63.5
70.5 63.5
70.5 63.5
70.5 63.5
70.5 64.5
70.5 64.5
70.5 64.5
70.5 64.5
70.5 65.5
70.5 66.5
70.5 66.5
70.5 66.5
70.5 66.5
70.5 66.5
70.5 67.5
70.5 67.5
70.5 67.5
70.5 67.5
70.5 67.5
70.5 67.5
70.5 67.5
70.5 67.5
70.5 68.5
70.5 68.5
70.5 68.5
70.5 68.5
70.5 69.5
70.5 69.5
70.5 69.5
70.5 69.5
70.5 69.5
70.5 69.5
70.5 70.5
70.5 70.5
71.5 63.5
71.5 63.5
71.5 65.5
71.5 65.5
71.5 65.5
71.5 66.5
71.5 66.5
71.5 66.5
71.5 67.5
71.5 67.5
71.5 69.5
71.5 69.5
71.5 70.5
71.5 70.5
71.5 70.5
71.5 70.5
73.5 63.5
73.5 63.5
73.5 63.5
73.5 63.5
